"Name","Team","G","PA","HR","R","RBI","SB","BB%","K%","ISO","BABIP","AVG","OBP","SLG","wOBA","xwOBA","wRC+","BsR","Off","Def","WAR","H","1B","2B","3B","BB","SO","HBP","CS","OPS","GB/FB","LD%","GB%","FB%","IFFB%","HR/FB","IFH%","O-Swing%","Z-Swing%","Swing%","O-Contact%","Z-Contact%","Contact%","Zone%","SwStr%","HardHit%","CSW%","xBA","EV","LA","Barrel%","maxEV","xSLG","playerid"
"Khalil Lee","NYM","2","2","1","1","3","0","0.0%","0.0%","1.500",".000",".500",".500","2.000","1.036",".911","602","0.0","1.2","-1.1","0.0","1","0","0","0","0","0","0","0","2.500","1.00","0.0%","50.0%","50.0%","0.0%","100.0%","0.0%","0.0%","100.0%","66.7%","","100.0%","100.0%","66.7%","0.0%","50.0%","0.0%",".455","82.1","-0.4","50.0%","104.5","1.725","19952"
"Chadwick Tromp","ATL","1","4","0","0","3","0","0.0%","0.0%",".500",".750",".750",".750","1.250",".852",".503","467","0.0","1.7","0.0","0.2","3","1","2","0","0","0","0","0","2.000","1.00","75.0%","25.0%","0.0%","0.0%","0.0%","0.0%","50.0%","66.7%","57.1%","100.0%","100.0%","100.0%","42.9%","0.0%","50.0%","14.3%",".486","92.4","4.5","0.0%","103.5",".670","16953"
"Evan Phillips","LAD","64","1","0","0","0","0","100.0%","0.0%",".000",".000",".000","1.000",".000",".689",".689","360","0.0","0.3","0.1","0.0","0","0","0","0","1","0","0","0","1.000","0.00","0.0%","0.0%","0.0%","0.0%","0.0%","0.0%","0.0%","0.0%","0.0%","","","","20.0%","0.0%","","20.0%","","","","","","","17734"
"Otto Lopez","TOR","8","10","0","0","3","0","10.0%","10.0%",".000",".750",".667",".700",".667",".599",".302","307","-0.2","2.1","-1.1","0.1","6","6","0","0","1","1","0","1","1.367","4.00","37.5%","50.0%","12.5%","0.0%","0.0%","25.0%","22.7%","64.3%","38.9%","100.0%","100.0%","100.0%","38.9%","0.0%","37.5%","22.2%",".283","85.5","4.2","0.0%","102.9",".308","19608"
"James Outman","LAD","4","16","1","6","3","0","12.5%","43.8%",".385","1.000",".462",".563",".846",".584",".319","288","0.6","4.1","0.1","0.5","6","3","2","0","2","7","1","0","1.409","1.00","33.3%","33.3%","33.3%","0.0%","50.0%","0.0%","30.3%","70.0%","49.2%","20.0%","81.0%","61.3%","47.6%","19.0%","83.3%","34.9%",".218","99.6","16.5","0.0%","109.5",".324","24770"
"Matt Carpenter","NYY","47","154","15","28","37","0","12.3%","22.7%",".422",".304",".305",".412",".727",".472",".362","217","-0.9","19.4","-2.5","2.3","39","15","9","0","19","35","5","0","1.138","0.43","23.9%","22.8%","53.3%","2.0%","30.6%","4.8%","20.7%","64.6%","41.1%","62.5%","85.3%","79.1%","46.5%","8.6%","42.1%","27.4%",".231","89.8","22.4","13.7%","107.7",".485","8090"
"Aaron Judge","NYY","157","696","62","133","131","16","15.9%","25.1%",".375",".340",".311",".425",".686",".458",".463","207","2.1","86.1","0.5","11.4","177","87","28","0","111","175","6","3","1.111","0.86","19.3%","37.3%","43.5%","4.6%","35.6%","7.4%","26.8%","67.6%","42.5%","51.7%","85.2%","72.2%","38.5%","11.8%","60.9%","28.7%",".305","95.8","14.9","26.2%","118.4",".706","15640"
"Joe Dunand","MIA","3","11","1","2","1","0","0.0%","27.3%",".400",".333",".300",".364",".700",".449",".205","197","0.1","1.3","0.5","0.2","3","1","1","0","0","3","1","0","1.064","0.20","14.3%","14.3%","71.4%","20.0%","20.0%","0.0%","25.0%","73.9%","48.9%","50.0%","88.2%","78.3%","48.9%","10.6%","28.6%","25.5%",".131","85.9","40.1","0.0%","99.0",".232","19727"
"David Hensley","HOU","16","34","1","7","5","0","14.7%","17.6%",".241",".409",".345",".441",".586",".440",".353","194","-1.1","2.4","-1.8","0.2","10","6","2","1","5","6","0","0","1.027","1.71","17.4%","52.2%","30.4%","0.0%","14.3%","8.3%","20.0%","66.1%","40.1%","81.3%","78.0%","78.9%","43.7%","8.5%","39.1%","29.6%",".254","90.3","-0.4","4.3%","104.9",".432","25111"
"Dalton Guthrie","PHI","14","28","1","3","5","1","21.4%","25.0%",".143",".462",".333",".500",".476",".437",".363","184","0.2","3.0","-1.0","0.3","7","6","0","0","6","7","1","0",".976","1.50","28.6%","42.9%","28.6%","0.0%","25.0%","33.3%","23.6%","66.7%","40.8%","52.9%","75.0%","67.3%","40.0%","13.3%","14.3%","30.8%",".237","76.8","8.1","7.1%","102.3",".344","21293"
"Yordan Alvarez","HOU","135","561","37","95","97","1","13.9%","18.9%",".306",".320",".306",".406",".613",".427",".462","185","-0.6","52.8","-7.5","6.6","144","76","29","2","78","106","6","1","1.019","0.99","21.6%","39.1%","39.4%","2.1%","25.3%","4.8%","27.5%","66.8%","42.6%","62.5%","89.6%","78.8%","38.5%","9.0%","59.8%","25.6%",".329","95.2","12.3","21.0%","117.4",".672","19556"
"Livan Soto","LAA","18","59","1","9","9","1","3.4%","22.0%",".182",".500",".400",".414",".582",".424",".283","181","0.6","6.0","-1.0","0.7","22","15","5","1","2","13","0","1",".996","0.75","33.3%","28.6%","38.1%","12.5%","6.3%","0.0%","29.7%","71.4%","49.3%","68.6%","92.0%","84.5%","47.1%","7.6%","15.9%","22.9%",".281","83.8","19.8","0.0%","101.2",".334","22471"
"Rob Brantly","NYY","1","3","0","0","0","0","0.0%","0.0%",".333",".333",".333",".333",".667",".420",".333","181","0.0","0.3","0.1","0.0","1","0","1","0","0","0","0","0","1.000","1.00","33.3%","33.3%","33.3%","0.0%","0.0%","0.0%","75.0%","80.0%","77.8%","100.0%","75.0%","85.7%","55.6%","11.1%","66.7%","11.1%",".339","82.5","-4.1","0.0%","96.3",".437","10655"
"Paul Goldschmidt","STL","151","651","35","106","115","7","12.1%","21.7%",".260",".368",".317",".404",".578",".419",".367","177","3.0","61.6","-15.8","7.1","178","102","41","0","79","141","5","0",".981","0.99","18.9%","40.3%","40.8%","10.4%","20.2%","6.4%","27.6%","61.7%","41.7%","67.7%","81.8%","76.3%","41.2%","9.9%","46.9%","29.5%",".261","90.7","15.7","11.5%","112.3",".482","9218"
"Mike Trout","LAA","119","499","40","85","80","1","10.8%","27.9%",".347",".323",".283",".369",".630",".418",".395","176","-0.3","42.4","-0.7","6.0","124","54","28","2","54","139","6","0",".999","0.44","18.7%","24.7%","56.7%","7.6%","23.5%","10.8%","26.3%","67.9%","43.4%","60.7%","79.6%","72.9%","41.1%","11.8%","50.3%","29.1%",".265","91.6","24.6","19.7%","114.4",".583","10155"
"Sean Bouchard","COL","27","97","3","9","11","0","21.6%","25.8%",".203",".404",".297",".454",".500",".417",".360","158","0.2","6.6","-2.3","0.8","22","13","6","0","21","25","1","0",".954","1.18","26.0%","40.0%","34.0%","0.0%","17.6%","5.0%","23.8%","59.0%","37.8%","63.3%","81.6%","74.7%","39.7%","9.6%","40.0%","30.1%",".244","89.8","15.3","2.0%","107.9",".349","21270"
"Tom Murphy","SEA","14","42","1","9","1","0","19.0%","31.0%",".152",".474",".303",".439",".455",".397",".420","168","-0.5","2.8","0.7","0.5","10","7","2","0","8","13","0","0",".894","1.00","30.0%","35.0%","35.0%","0.0%","14.3%","28.6%","30.4%","68.2%","44.2%","54.3%","82.2%","70.0%","36.5%","13.3%","57.1%","29.8%",".290","94.3","13.4","19.0%","110.5",".536","13499"
"Jose Altuve","HOU","141","604","28","103","57","18","10.9%","14.4%",".233",".315",".300",".387",".533",".397",".354","164","-1.5","41.8","1.6","6.6","158","91","39","0","66","87","10","1",".921","1.06","20.4%","41.0%","38.7%","12.0%","16.8%","9.6%","31.4%","65.0%","43.8%","76.8%","91.0%","84.6%","36.9%","6.8%","29.5%","24.0%",".269","85.9","16.1","7.7%","109.8",".440","5417"
"Joey Meneses","WSN","56","240","13","33","34","1","6.3%","21.7%",".239",".371",".324",".367",".563",".395",".332","156","-2.8","12.8","-6.6","1.5","72","45","14","0","15","52","1","0",".930","1.51","25.6%","44.8%","29.7%","3.9%","25.5%","2.6%","33.1%","68.2%","48.4%","66.9%","86.4%","78.9%","43.6%","10.2%","47.1%","28.0%",".267","91.4","9.5","9.9%","110.9",".457","14366"
"Brian O'Keefe","SEA","2","4","0","0","0","0","25.0%","50.0%",".000","1.000",".333",".500",".333",".393",".379","165","0.0","0.3","-0.1","0.0","1","1","0","0","1","2","0","0",".833","0.00","100.0%","0.0%","0.0%","0.0%","0.0%","0.0%","22.2%","50.0%","30.8%","0.0%","100.0%","50.0%","30.8%","15.4%","0.0%","38.5%",".290","87.6","17.0","0.0%","87.6",".333","16680"
"Liover Peguero","PIT","1","4","0","0","0","0","25.0%","50.0%",".000","1.000",".333",".500",".333",".393",".297","156","0.0","0.3","0.2","0.1","1","1","0","0","1","2","0","0",".833","1.00","0.0%","100.0%","0.0%","0.0%","0.0%","0.0%","45.5%","80.0%","56.3%","40.0%","100.0%","66.7%","31.3%","18.8%","100.0%","25.0%",".181","106.7","3.5","0.0%","106.7",".200","24273"
"Freddie Freeman","LAD","159","708","21","117","100","13","11.9%","14.4%",".186",".359",".325",".407",".511",".393",".403","157","5.4","52.6","-8.8","7.1","199","129","47","2","84","102","5","3",".918","1.14","27.5%","38.7%","33.8%","3.4%","12.0%","5.5%","31.3%","76.1%","49.3%","75.0%","88.0%","83.1%","40.1%","8.3%","48.0%","20.6%",".313","91.3","13.6","10.1%","112.3",".538","5361"
"Will Brennan","CLE","11","45","1","6","8","2","4.4%","8.9%",".143",".378",".357",".400",".500",".385",".320","155","0.4","3.2","-1.3","0.3","15","12","1","1","2","4","1","1",".900","1.82","18.4%","52.6%","28.9%","0.0%","9.1%","0.0%","52.3%","78.1%","63.3%","75.6%","90.0%","83.2%","42.7%","10.7%","42.1%","22.7%",".282","89.8","5.4","5.3%","108.8",".415","25660"
"Manny Machado","SDP","150","644","32","100","102","9","9.8%","20.7%",".234",".337",".298",".366",".531",".382",".338","152","3.0","41.9","6.9","7.4","172","102","37","1","63","133","1","1",".898","0.91","20.6%","37.8%","41.6%","15.1%","17.2%","5.9%","34.2%","77.0%","50.8%","64.3%","85.6%","76.8%","38.8%","11.8%","49.0%","24.3%",".264","91.5","16.0","9.8%","112.4",".447","11493"
"Canaan Smith-Njigba","PIT","3","7","0","1","0","0","14.3%","0.0%",".200",".200",".200",".429",".400",".381",".401","148","-0.2","0.2","-0.9","-0.1","1","0","1","0","1","0","1","0",".829","3.00","20.0%","60.0%","20.0%","0.0%","0.0%","0.0%","27.8%","66.7%","40.7%","60.0%","100.0%","81.8%","33.3%","7.4%","80.0%","22.2%",".213","93.3","0.7","20.0%","107.1",".446","23264"
"Rob Refsnyder","BOS","57","177","6","25","21","1","8.5%","26.0%",".190",".394",".307",".384",".497",".381",".374","146","1.7","10.9","-3.8","1.3","47","30","11","0","15","46","6","1",".881","1.08","28.2%","37.3%","34.5%","2.6%","15.8%","7.3%","27.3%","62.7%","42.5%","71.9%","82.2%","78.5%","42.9%","9.2%","44.5%","29.6%",".286","89.9","13.1","10.9%","109.9",".472","13770"
"Nolan Arenado","STL","148","620","30","73","103","5","8.4%","11.6%",".241",".290",".293",".358",".533",".381",".339","151","-1.6","35.3","13.5","7.3","163","90","42","1","52","72","7","3",".891","0.59","20.4%","29.7%","49.9%","16.8%","12.3%","5.5%","36.1%","68.0%","48.4%","72.1%","90.8%","82.3%","38.6%","8.6%","38.9%","24.1%",".265","88.7","21.7","8.2%","111.4",".445","9777"
"Albert Pujols","STL","109","351","24","42","68","1","8.0%","15.7%",".280",".252",".270",".345",".550",".380",".365","151","-6.6","14.0","-8.6","1.8","83","45","14","0","28","55","10","2",".895","0.84","16.7%","38.0%","45.3%","13.7%","20.5%","5.1%","36.9%","65.8%","48.2%","69.0%","91.1%","80.8%","39.3%","9.2%","47.3%","25.8%",".262","91.2","16.4","12.0%","111.7",".499","1177"
"Austin Riley","ATL","159","693","38","90","93","2","8.2%","24.2%",".255",".315",".273",".349",".528",".377",".378","142","-1.7","32.5","-3.1","5.5","168","89","39","2","57","168","17","0",".878","0.98","23.5%","37.9%","38.6%","9.2%","21.8%","4.7%","34.5%","77.3%","51.6%","57.5%","85.9%","74.4%","39.9%","13.2%","50.8%","25.4%",".271","92.5","12.9","15.7%","115.9",".531","18360"
"Juan Soto","- - -","153","664","27","93","62","6","20.3%","14.5%",".210",".249",".242",".401",".452",".376",".401","145","-2.4","32.0","-17.7","3.8","127","73","25","2","135","96","4","2",".853","1.28","16.2%","47.1%","36.8%","10.8%","17.2%","5.0%","19.9%","59.1%","35.3%","71.0%","89.2%","83.0%","39.2%","6.0%","47.3%","25.9%",".266","91.0","9.1","12.4%","113.2",".501","20123"
"Mookie Betts","LAD","142","639","35","117","82","12","8.6%","16.3%",".264",".272",".269",".340",".533",".373",".344","144","4.3","37.2","4.1","6.6","154","76","40","3","55","104","8","2",".873","0.71","18.6%","33.7%","47.7%","6.2%","15.6%","6.9%","26.0%","69.6%","44.2%","67.6%","93.9%","84.9%","41.7%","6.7%","44.7%","23.9%",".254","90.5","18.6","9.7%","109.0",".465","13611"
"Joc Pederson","SFG","134","433","23","57","70","3","9.7%","23.1%",".247",".310",".274",".353",".521",".373",".367","144","0.4","22.6","-17.6","2.1","104","59","19","3","42","100","7","2",".874","0.80","18.9%","36.1%","45.0%","3.2%","18.3%","13.9%","31.7%","67.0%","45.7%","62.1%","89.1%","77.8%","39.7%","10.1%","51.8%","26.2%",".266","93.1","14.8","15.1%","112.8",".502","11899"
"Rafael Devers","BOS","141","614","27","84","88","3","8.1%","18.6%",".225",".329",".295",".358",".521",".373",".361","140","-1.2","26.8","0.1","4.9","164","94","42","1","50","114","6","1",".879","1.13","20.3%","42.2%","37.5%","11.4%","16.3%","4.8%","40.3%","77.3%","54.5%","66.2%","80.4%","74.0%","38.4%","14.2%","50.9%","25.1%",".282","93.1","11.3","11.5%","113.7",".497","17350"
"Austin Dean","SFG","3","9","0","1","0","0","11.1%","0.0%",".000",".375",".375",".444",".375",".371",".317","143","0.0","0.4","0.0","0.1","3","3","0","0","1","0","0","0",".819","7.00","0.0%","87.5%","12.5%","0.0%","0.0%","0.0%","28.6%","80.0%","42.1%","100.0%","87.5%","93.8%","26.3%","2.6%","25.0%","18.4%",".285","83.6","-4.1","0.0%","110.2",".319","18288"
"Oswald Peraza","NYY","18","57","1","8","2","2","10.5%","15.8%",".122",".359",".306",".404",".429",".371",".343","146","-0.7","2.3","-0.1","0.4","15","11","3","0","6","9","2","0",".832","2.09","15.0%","57.5%","27.5%","36.4%","9.1%","8.7%","26.4%","76.7%","49.4%","65.2%","91.1%","83.5%","45.6%","8.1%","30.0%","23.8%",".276","81.6","5.4","5.0%","104.6",".374","22823"
"Conner Capel","- - -","22","59","3","7","11","1","8.5%","16.9%",".212",".317",".308",".356",".519",".371",".339","149","-0.3","3.0","1.6","0.7","16","12","0","1","5","10","0","1",".875","1.27","22.7%","43.2%","34.1%","0.0%","20.0%","5.3%","28.7%","65.1%","44.6%","64.1%","87.0%","78.7%","43.8%","9.5%","31.8%","29.3%",".286","87.6","7.9","6.8%","108.5",".438","19983"
"Tyler Stephenson","CIN","50","183","6","24","35","1","6.6%","25.7%",".163",".409",".319",".372",".482",".370",".318","134","0.6","7.7","0.8","1.5","53","38","9","0","12","47","3","0",".854","1.39","28.9%","41.3%","29.8%","11.1%","16.7%","8.0%","29.6%","64.2%","43.7%","59.4%","87.5%","76.3%","40.8%","10.4%","34.7%","28.7%",".260","87.1","11.1","6.6%","106.1",".394","17988"
"Trayce Thompson","- - -","80","255","13","36","41","4","12.5%","36.5%",".251",".374",".256",".353",".507",".370",".366","142","3.2","15.8","-0.2","2.5","56","28","14","1","32","93","2","1",".860","0.80","29.7%","31.3%","39.1%","6.0%","26.0%","7.5%","27.7%","67.2%","43.8%","48.7%","77.5%","66.7%","40.7%","14.6%","46.9%","31.9%",".251","92.3","16.3","16.4%","111.9",".496","9952"
"William Contreras","ATL","97","376","20","51","45","2","10.4%","27.7%",".228",".344",".278",".354",".506",".370",".347","138","-2.6","14.0","-3.4","2.4","93","58","14","1","39","104","1","0",".860","1.66","15.1%","53.0%","31.9%","9.5%","27.0%","9.8%","30.8%","65.3%","44.4%","55.7%","77.5%","68.4%","39.7%","14.0%","46.6%","31.8%",".243","90.4","6.1","13.4%","115.2",".479","20503"
"Royce Lewis","MIN","12","41","2","5","5","0","2.4%","12.2%",".250",".303",".300",".317",".550",".370",".319","146","0.2","2.3","0.7","0.5","12","6","4","0","1","5","0","0",".867","0.65","20.0%","31.4%","48.6%","23.5%","11.8%","0.0%","31.6%","73.8%","51.1%","79.2%","85.4%","83.3%","46.1%","8.5%","40.0%","24.8%",".274","90.7","19.4","5.7%","114.0",".445","20437"
"Eloy Jimenez","CHW","84","327","16","40","54","0","8.6%","22.0%",".205",".337",".295",".358",".500",".370",".365","144","-1.4","14.7","-8.6","1.7","86","58","12","0","28","72","3","0",".858","1.53","16.5%","50.4%","33.0%","4.1%","21.6%","7.1%","35.5%","73.1%","49.8%","62.2%","78.7%","71.4%","38.1%","14.3%","54.9%","27.8%",".266","92.8","7.4","14.7%","113.4",".512","17484"
"Kris Bryant","COL","42","181","5","28","14","0","9.4%","14.9%",".169",".338",".306",".376",".475",".370",".344","125","-0.6","4.7","-5.3","0.6","49","32","12","0","17","27","2","0",".851","1.04","21.5%","40.0%","38.5%","5.8%","9.6%","7.4%","28.8%","74.6%","47.4%","59.7%","90.5%","79.4%","40.7%","9.8%","28.9%","23.9%",".279","85.0","13.5","6.7%","107.9",".426","15429"
"Shohei Ohtani","LAA","157","666","34","90","95","11","10.8%","24.2%",".246",".320",".273",".356",".519",".370",".385","142","0.3","31.8","-16.4","3.8","160","90","30","6","72","161","5","9",".875","1.10","19.8%","42.1%","38.1%","4.3%","21.0%","5.6%","32.0%","74.5%","49.3%","62.5%","81.8%","74.3%","40.5%","12.6%","49.8%","26.2%",".278","92.9","12.1","16.8%","119.1",".552","19755"
"Ji Hwan Bae","PIT","10","37","0","5","6","3","5.4%","16.2%",".091",".407",".333",".405",".424",".370",".273","139","1.0","2.6","-1.6","0.2","11","8","3","0","2","6","2","0",".830","2.80","24.0%","56.0%","20.0%","20.0%","0.0%","7.1%","28.1%","65.1%","47.5%","87.5%","78.0%","80.7%","52.5%","9.2%","22.2%","24.2%",".236","83.2","4.4","0.0%","108.0",".261","23818"
"Bryce Harper","PHI","99","426","18","63","65","11","10.8%","20.4%",".227",".324",".286",".364",".514",".369",".380","138","-0.9","18.1","-10.0","2.4","106","59","28","1","46","87","3","4",".877","1.20","24.0%","41.5%","34.5%","4.0%","18.2%","5.0%","39.8%","82.5%","55.6%","61.3%","83.3%","73.4%","37.0%","14.8%","47.9%","23.8%",".288","92.1","11.8","12.8%","114.3",".527","11579"
"Nathaniel Lowe","TEX","157","645","27","74","76","2","7.4%","22.8%",".191",".363",".302",".358",".492",".368",".344","143","-3.9","27.2","-19.1","3.0","179","123","26","3","48","147","4","2",".851","1.57","21.3%","48.1%","30.6%","6.6%","19.9%","8.9%","34.9%","75.0%","52.2%","65.9%","86.7%","78.8%","43.1%","11.1%","44.8%","24.2%",".275","90.3","8.0","9.9%","113.0",".459","19566"
"Michael Harris II","ATL","114","441","19","75","64","20","4.8%","24.3%",".217",".361",".297",".339",".514",".368",".335","136","5.9","24.4","6.7","4.8","123","74","27","3","21","107","5","2",".853","2.07","16.7%","56.2%","27.1%","8.4%","22.9%","8.7%","41.7%","67.9%","52.2%","59.7%","86.1%","73.5%","40.3%","13.8%","45.1%","29.2%",".268","89.5","4.5","10.1%","112.8",".460","25931"
"Julio Rodriguez","SEA","132","560","28","84","75","25","7.1%","25.9%",".225",".345",".284",".345",".509",".366",".337","146","4.3","33.4","-0.5","5.3","145","89","25","3","40","145","8","7",".853","1.29","18.3%","46.0%","35.7%","10.7%","21.4%","10.1%","37.1%","71.4%","50.2%","58.6%","81.9%","71.2%","38.2%","14.4%","50.7%","29.1%",".254","92.0","10.1","13.1%","117.2",".460","23697"
"Yandy Diaz","TBR","137","558","9","71","57","3","14.0%","10.8%",".127",".323",".296",".401",".423",".366",".365","146","-5.3","23.8","-5.7","3.8","140","98","33","0","78","60","6","3",".824","1.57","18.6%","49.8%","31.6%","10.7%","6.9%","5.3%","23.1%","65.7%","41.3%","74.0%","93.2%","87.1%","42.7%","5.3%","48.6%","23.4%",".288","92.2","7.7","4.8%","114.3",".424","16578"
"Pete Alonso","NYM","160","685","40","95","131","5","9.8%","18.7%",".246",".279",".271",".352",".518",".366",".354","143","-2.5","32.0","-17.4","4.0","162","95","27","0","67","128","12","1",".869","0.82","19.9%","36.2%","43.9%","11.0%","19.0%","5.2%","36.0%","74.2%","49.9%","67.7%","87.8%","78.6%","36.2%","10.7%","44.6%","24.1%",".262","89.8","18.2","12.3%","116.5",".489","19251"
"Jeff McNeil","NYM","148","589","9","73","62","4","6.8%","10.4%",".128",".353",".326",".382",".454",".365",".323","143","2.0","31.3","4.6","5.9","174","125","39","1","40","61","11","0",".836","1.17","23.8%","41.1%","35.0%","6.6%","5.4%","7.7%","33.8%","78.9%","53.3%","79.5%","89.6%","86.0%","43.3%","7.5%","30.2%","19.0%",".280","86.9","12.8","2.7%","110.0",".389","15362"
"Jazz Chisholm Jr.","MIA","60","241","14","39","45","12","8.7%","27.4%",".282",".294",".254",".325",".535",".365",".345","139","3.1","14.1","2.4","2.6","54","26","10","4","21","66","3","5",".860","0.92","21.8%","37.4%","40.8%","8.3%","23.3%","5.5%","30.7%","67.7%","46.5%","58.7%","77.8%","70.6%","42.7%","13.7%","45.7%","30.1%",".242","90.2","15.1","16.6%","109.6",".473","20454"
"Vinnie Pasquantino","KCR","72","298","10","25","26","1","11.7%","11.4%",".155",".306",".295",".383",".450",".365",".374","137","-2.1","10.4","-5.8","1.5","76","56","10","0","35","34","3","0",".832","1.02","19.1%","40.9%","40.0%","5.6%","11.1%","4.3%","28.9%","70.5%","45.9%","74.7%","92.0%","85.5%","40.8%","6.6%","46.9%","22.8%",".289","91.2","12.1","8.8%","112.7",".476","27676"
"Garrett Mitchell","MIL","28","68","2","9","9","8","8.8%","41.2%",".148",".548",".311",".373",".459",".365",".266","136","2.2","5.1","2.3","1.0","19","14","3","0","6","28","0","0",".832","1.00","21.2%","39.4%","39.4%","0.0%","15.4%","23.1%","25.7%","70.9%","48.0%","51.3%","83.8%","75.0%","49.3%","12.0%","41.2%","30.0%",".187","92.9","9.5","11.8%","109.9",".339","27555"
"Andres Gimenez","CLE","146","557","17","66","69","20","6.1%","20.1%",".169",".353",".297",".371",".466",".364",".326","140","3.4","28.3","12.0","6.1","146","100","26","3","34","112","25","3",".837","1.41","21.1%","46.2%","32.7%","12.4%","14.0%","8.8%","40.8%","70.3%","52.5%","65.5%","83.9%","75.3%","39.9%","13.0%","37.6%","27.7%",".257","87.8","11.7","6.2%","109.9",".400","19950"
"Nick Maton","PHI","35","85","5","13","17","0","11.8%","34.1%",".264",".325",".250",".341",".514",".364",".306","135","0.9","4.3","0.0","0.8","18","10","2","1","10","29","1","0",".855","0.74","25.0%","31.8%","43.2%","15.8%","26.3%","0.0%","35.2%","71.9%","48.8%","46.9%","81.4%","65.7%","37.0%","16.7%","31.1%","32.1%",".217","86.6","18.6","6.7%","107.3",".357","21635"
"Danny Jansen","TOR","72","248","15","34","44","1","10.1%","17.7%",".256",".255",".260",".339",".516",".364",".368","140","0.8","12.0","4.8","2.6","56","31","10","0","25","44","3","0",".855","0.66","15.9%","33.5%","50.6%","22.5%","16.9%","10.2%","26.1%","69.6%","45.2%","68.1%","85.3%","79.7%","43.8%","9.2%","46.6%","26.5%",".264","90.4","22.2","13.1%","109.3",".514","16535"
"Xander Bogaerts","BOS","150","631","15","84","73","8","9.0%","18.7%",".149",".362",".307",".377",".456",".363",".323","134","4.7","28.6","9.0","6.1","171","118","38","0","57","118","10","2",".833","1.46","21.7%","46.4%","31.8%","11.3%","10.6%","9.7%","31.9%","66.0%","45.7%","66.1%","84.6%","76.9%","40.5%","10.6%","39.5%","29.2%",".259","88.1","10.2","6.5%","113.0",".383","12161"
"Jose Ramirez","CLE","157","685","29","90","126","20","10.1%","12.0%",".235",".279",".280",".355",".514",".363",".320","139","6.0","36.0","1.0","6.2","168","90","44","5","69","82","6","7",".869","0.64","17.0%","32.4%","50.6%","13.9%","10.9%","9.9%","32.3%","67.9%","46.1%","78.0%","92.3%","86.2%","38.8%","6.4%","36.6%","22.1%",".255","87.7","20.7","6.6%","114.2",".408","13510"
"Carlos Correa","MIN","136","590","22","70","64","0","10.3%","20.5%",".176",".339",".291",".366",".467",".362",".363","140","-6.0","20.7","2.0","4.4","152","105","24","1","61","121","3","1",".834","1.14","19.8%","42.7%","37.5%","8.6%","14.5%","7.5%","30.8%","64.3%","44.4%","67.9%","88.1%","79.7%","40.3%","9.0%","44.7%","27.4%",".276","89.9","11.6","11.4%","114.6",".484","14162"
"Taylor Ward","LAA","135","564","23","73","65","5","10.6%","21.3%",".192",".325",".281",".360",".473",".362",".361","137","0.7","23.9","-5.2","3.8","139","92","22","2","60","120","4","3",".833","0.81","21.8%","35.0%","43.2%","7.9%","14.0%","9.8%","23.6%","66.1%","41.4%","65.0%","87.4%","80.0%","42.0%","8.3%","42.4%","27.9%",".268","89.9","15.8","12.1%","112.6",".474","17548"
"Jose Abreu","CHW","157","679","15","85","75","0","9.1%","16.2%",".141",".350",".304",".378",".446",".361",".373","137","-1.7","26.9","-11.7","3.9","183","128","40","0","62","110","12","0",".824","1.51","20.4%","47.9%","31.7%","5.7%","9.6%","3.8%","33.6%","66.5%","47.3%","66.4%","88.4%","79.3%","41.6%","9.8%","51.7%","26.4%",".296","92.2","8.0","9.5%","113.0",".486","15676"
"Monte Harrison","LAA","9","14","1","5","3","1","14.3%","57.1%",".273",".500",".182",".357",".455",".361",".282","136","0.5","1.0","0.0","0.2","2","1","0","0","2","8","1","0",".812","2.00","0.0%","66.7%","33.3%","0.0%","100.0%","0.0%","28.6%","68.4%","41.0%","33.3%","53.8%","44.0%","31.1%","23.0%","100.0%","39.3%",".121","103.0","8.7","33.3%","107.2",".272","17216"
"Stone Garrett","ARI","27","84","4","13","10","3","3.6%","32.1%",".263",".370",".276",".309",".539",".360",".268","131","-0.1","3.0","-1.1","0.5","21","9","8","0","3","27","1","1",".848","0.65","14.0%","34.0%","52.0%","7.7%","15.4%","11.8%","43.5%","73.8%","55.8%","53.1%","78.5%","66.7%","40.4%","18.6%","49.1%","30.1%",".198","92.9","22.8","9.4%","108.8",".369","19273"
"Alex Bregman","HOU","155","656","23","93","93","1","13.3%","11.7%",".195",".260",".259",".366",".454",".358",".350","136","-3.0","23.6","7.7","5.5","142","81","38","0","87","77","11","2",".820","0.70","18.9%","33.3%","47.8%","12.2%","10.0%","6.3%","21.8%","69.5%","40.3%","74.5%","92.0%","86.2%","38.7%","5.6%","37.6%","22.3%",".257","88.9","19.5","7.3%","109.2",".416","17678"
"Corbin Carroll","ARI","32","115","4","13","14","2","7.0%","27.0%",".240",".333",".260",".330",".500",".358",".293","130","0.9","4.9","4.7","1.4","27","12","9","2","8","31","3","1",".830","1.75","24.7%","47.9%","27.4%","20.0%","20.0%","8.6%","31.7%","62.0%","44.1%","64.0%","81.9%","74.3%","40.8%","11.4%","32.9%","30.3%",".221","85.8","9.1","5.5%","107.5",".359","25878"
"Willson Contreras","CHC","113","487","22","65","55","4","9.2%","21.1%",".224",".270",".243",".349",".466",".357",".364","132","-2.8","15.1","-0.4","3.3","101","54","23","2","45","103","24","2",".815","1.56","15.6%","51.4%","33.0%","13.5%","21.2%","6.2%","35.4%","73.8%","50.5%","57.0%","82.4%","71.6%","39.2%","14.4%","47.9%","27.1%",".256","90.4","8.5","10.5%","116.2",".463","11609"
"Byron Buxton","MIN","92","382","28","61","51","6","8.9%","30.4%",".303",".244",".224",".306",".526",".356",".358","136","4.3","19.6","6.2","4.0","76","32","13","3","34","116","7","0",".833","0.60","18.2%","30.7%","51.1%","12.2%","24.3%","7.2%","31.1%","67.8%","46.8%","49.6%","80.6%","68.8%","42.7%","14.6%","50.2%","30.5%",".242","92.9","21.4","16.4%","113.5",".509","14161"
"Starling Marte","NYM","118","505","16","76","63","18","5.1%","19.2%",".176",".340",".292",".347",".468",".355",".336","136","-0.2","20.8","-9.6","3.0","136","91","24","5","26","97","13","9",".814","1.70","22.1%","49.0%","28.9%","5.7%","15.1%","9.4%","36.0%","68.5%","49.3%","65.6%","87.6%","78.1%","41.1%","10.8%","33.9%","27.4%",".276","86.8","7.5","6.8%","113.3",".428","9241"
"Garrett Stubbs","PHI","50","121","5","19","16","2","11.6%","24.8%",".198",".324",".264",".350",".462",".355",".275","128","1.5","5.5","-4.0","0.6","28","18","4","1","14","30","0","0",".812","1.07","18.8%","42.0%","39.1%","11.1%","18.5%","13.8%","30.4%","49.0%","38.0%","64.8%","91.1%","78.6%","40.8%","8.1%","27.3%","30.7%",".207","85.2","15.2","5.2%","104.9",".299","18067"
"Kyle Schwarber","PHI","155","669","46","100","94","10","12.9%","29.9%",".286",".240",".218",".323",".504",".355",".375","128","-0.8","21.2","-18.7","2.6","126","56","21","3","86","200","4","1",".827","0.65","15.7%","33.2%","51.1%","12.0%","24.0%","3.2%","25.0%","62.1%","40.3%","58.3%","81.0%","72.8%","41.3%","11.0%","54.4%","30.4%",".237","93.3","19.2","20.1%","114.8",".535","16478"
"J.T. Realmuto","PHI","139","562","22","75","84","21","7.3%","21.2%",".202",".318",".276",".342",".478",".354",".351","128","6.6","24.9","18.0","6.5","139","86","26","5","41","119","12","1",".820","1.24","19.7%","44.4%","35.9%","8.6%","15.7%","8.1%","35.0%","69.2%","49.0%","66.6%","83.9%","76.7%","41.0%","11.4%","46.7%","26.9%",".275","90.3","13.1","11.3%","110.4",".463","11739"
"Adley Rutschman","BAL","113","470","13","70","42","4","13.8%","18.3%",".191",".291",".254",".362",".445",".354",".342","133","5.0","22.4","13.1","5.3","101","52","35","1","65","86","4","0",".806","1.00","23.2%","38.4%","38.4%","8.3%","10.7%","5.8%","25.4%","64.1%","40.5%","73.0%","91.5%","84.4%","39.1%","6.3%","36.8%","25.9%",".248","87.9","15.6","7.9%","110.9",".411","26288"
"Mark Mathias","- - -","30","91","6","13","20","3","9.9%","33.0%",".259",".304",".247",".319",".506",".353",".298","132","1.1","4.4","-0.9","0.7","20","11","3","0","9","30","0","0",".825","1.26","17.3%","46.2%","36.5%","5.3%","31.6%","12.5%","26.7%","58.6%","39.1%","57.6%","78.3%","69.6%","38.9%","11.9%","46.2%","33.4%",".214","90.2","11.8","11.5%","109.1",".384","18032"
"Brandon Nimmo","NYM","151","673","16","102","64","3","10.5%","17.2%",".159",".317",".274",".367",".433",".353",".342","134","-0.3","26.6","1.9","5.4","159","106","30","7","71","116","16","2",".800","1.59","17.7%","50.5%","31.7%","6.8%","10.9%","8.1%","26.1%","66.0%","43.7%","69.7%","89.1%","82.6%","44.0%","7.6%","39.8%","25.8%",".261","89.4","6.1","7.0%","111.9",".409","12927"
"Jaylin Davis","BOS","12","27","0","4","2","0","11.1%","40.7%",".042",".615",".333",".407",".375",".352",".272","126","0.1","0.9","-0.4","0.1","8","7","1","0","3","11","0","0",".782","5.00","53.8%","38.5%","7.7%","0.0%","0.0%","0.0%","20.3%","72.2%","42.2%","40.0%","53.8%","50.0%","42.2%","21.1%","38.5%","39.1%",".227","88.2","7.1","0.0%","108.1",".272","19552"
"Anthony Rizzo","NYY","130","548","32","77","75","6","10.6%","18.4%",".256",".216",".224",".338",".480",".352",".349","132","-3.6","16.4","-10.9","2.4","104","50","21","1","58","101","23","5",".817","0.67","17.5%","33.2%","49.3%","10.6%","17.8%","2.5%","32.1%","65.6%","45.9%","65.1%","88.1%","78.7%","41.3%","9.8%","40.7%","26.6%",".239","89.4","19.3","10.9%","113.3",".454","3473"
"George Springer","TOR","133","583","25","89","76","14","9.3%","17.2%",".205",".285",".267",".342",".472",".352",".342","132","4.6","25.7","-4.1","4.2","137","86","22","4","54","100","7","2",".814","1.18","17.9%","44.5%","37.6%","11.5%","15.9%","8.1%","30.1%","78.9%","50.8%","58.4%","81.8%","73.8%","42.4%","13.3%","41.9%","24.8%",".265","88.7","13.9","8.3%","113.6",".438","12856"
"Jake Fraley","CIN","68","247","12","33","28","4","10.5%","21.9%",".208",".289",".259",".344",".468",".352",".333","121","1.6","7.6","-6.2","1.0","56","35","9","0","26","54","3","1",".812","1.18","20.1%","43.3%","36.6%","1.7%","20.0%","7.0%","27.8%","70.5%","45.6%","59.4%","85.5%","76.2%","41.6%","10.9%","27.4%","26.0%",".248","85.1","13.8","7.3%","110.0",".417","19260"
"Vladimir Guerrero Jr.","TOR","160","706","32","90","97","8","8.2%","16.4%",".205",".289",".274",".339",".480",".351",".348","132","-6.0","19.2","-15.1","2.8","175","108","35","0","58","116","6","3",".818","1.70","17.3%","52.1%","30.6%","11.2%","19.9%","7.3%","34.2%","73.7%","49.7%","64.9%","87.4%","78.0%","39.3%","10.9%","50.4%","25.3%",".276","92.8","4.3","11.2%","118.4",".462","19611"
"Stuart Fairchild","- - -","46","110","5","14","6","0","7.3%","30.9%",".216",".328",".247",".336",".464",".350",".317","122","-1.2","1.4","0.3","0.6","24","14","4","1","8","34","5","2",".800","1.08","18.0%","42.6%","39.3%","8.3%","20.8%","19.2%","22.9%","77.1%","47.5%","32.1%","80.4%","67.7%","45.4%","15.4%","41.3%","28.8%",".221","88.9","13.3","9.5%","107.6",".396","20321"
"Trea Turner","LAD","160","708","21","101","100","27","6.4%","18.5%",".169",".342",".298",".343",".466",".350",".335","128","6.5","29.5","7.1","6.3","194","130","39","4","45","131","3","3",".809","1.20","21.4%","42.9%","35.7%","6.4%","11.2%","14.6%","36.4%","74.5%","51.1%","60.7%","85.9%","74.9%","38.8%","12.8%","41.4%","27.0%",".276","88.9","10.2","7.6%","112.5",".432","16252"
"Brandon Drury","- - -","138","568","28","87","87","2","6.7%","22.2%",".230",".293",".263",".320",".492",".350",".316","123","-3.6","11.4","-2.4","3.0","136","75","31","2","38","126","8","3",".813","1.04","19.7%","40.9%","39.4%","9.0%","17.9%","8.6%","32.4%","64.8%","45.9%","70.4%","88.9%","81.2%","41.6%","8.6%","41.7%","27.1%",".242","89.1","13.8","10.4%","112.4",".420","11615"
"Luis Arraez","MIN","144","603","8","88","49","4","8.3%","7.1%",".104",".331",".316",".375",".420",".350",".333","131","-0.2","20.9","-10.1","3.2","173","133","31","1","50","43","3","4",".795","1.25","25.8%","41.2%","32.9%","3.6%","4.8%","3.8%","28.6%","63.1%","42.7%","91.1%","96.0%","94.1%","41.1%","2.5%","30.2%","21.2%",".288","88.9","12.9","3.6%","107.3",".408","18568"
"Daniel Vogelbach","- - -","130","461","18","47","59","0","15.8%","24.7%",".194",".290",".238",".360",".433",".349",".350","128","-3.3","11.7","-13.1","1.5","92","54","19","1","73","114","1","0",".793","0.92","21.2%","37.7%","41.0%","4.5%","16.1%","2.9%","22.9%","46.3%","32.2%","70.1%","90.1%","81.5%","39.5%","5.9%","39.9%","32.0%",".236","89.4","15.8","10.6%","110.9",".428","14130"
"Bryan Reynolds","PIT","145","614","27","74","62","7","9.1%","23.0%",".199",".306",".262",".345",".461",".349",".329","125","-2.1","16.0","-9.3","2.9","142","92","19","4","56","141","14","3",".807","1.24","22.1%","43.2%","34.7%","4.3%","19.3%","5.2%","35.6%","74.5%","50.4%","56.5%","88.0%","74.2%","38.0%","13.0%","42.9%","26.1%",".249","90.2","12.0","7.9%","113.2",".416","19326"
"Brendan Donovan","STL","126","468","5","64","45","2","12.8%","15.0%",".097",".330",".281",".394",".379",".349",".339","129","-1.9","14.0","-3.8","2.7","110","83","21","1","60","70","14","3",".773","2.24","23.6%","52.8%","23.6%","2.6%","6.6%","8.8%","23.2%","57.5%","37.8%","72.1%","92.9%","85.6%","42.6%","5.4%","37.7%","27.8%",".266","87.7","6.0","3.4%","107.0",".365","24679"
"Will Smith","LAD","137","578","24","68","87","1","9.7%","16.6%",".205",".276",".260",".343",".465",".349",".352","127","-3.6","14.8","3.0","3.9","132","79","26","3","56","96","10","0",".807","0.67","21.2%","31.7%","47.1%","5.6%","12.2%","5.3%","25.4%","66.2%","42.6%","74.9%","87.5%","83.2%","42.3%","7.2%","43.0%","25.9%",".257","89.9","18.4","10.3%","109.0",".473","19197"
"Jason Vosler","SFG","36","111","4","14","12","1","9.0%","26.1%",".204",".333",".265",".342",".469",".349",".312","127","-0.3","3.2","-2.6","0.5","26","15","6","1","10","29","2","1",".812","1.09","30.4%","36.2%","33.3%","17.4%","17.4%","0.0%","35.2%","65.2%","46.5%","60.9%","90.3%","76.4%","37.7%","11.0%","25.7%","27.7%",".244","84.7","15.2","4.3%","109.4",".376","16686"
"Teoscar Hernandez","TOR","131","535","25","71","77","6","6.4%","28.4%",".224",".335",".267",".316",".491",".348",".351","129","-2.5","15.0","-8.9","2.4","133","72","35","1","34","152","2","3",".807","1.29","21.6%","44.1%","34.3%","5.9%","21.0%","6.5%","33.6%","71.6%","48.9%","51.2%","79.8%","68.1%","40.2%","15.6%","52.7%","31.5%",".265","92.6","11.6","15.0%","114.1",".501","13066"
"Kyle Tucker","HOU","150","609","30","71","107","25","9.7%","15.6%",".221",".261",".257",".330",".478",".348",".353","129","4.0","23.9","1.6","4.7","140","81","28","1","59","95","1","4",".808","0.73","18.9%","34.1%","47.0%","8.1%","14.2%","4.6%","30.2%","84.0%","52.5%","66.4%","88.8%","81.3%","41.5%","9.8%","41.9%","19.3%",".262","90.0","19.0","10.1%","111.3",".482","18345"
"Bo Bichette","TOR","159","697","24","91","93","13","5.9%","22.2%",".179",".347",".290",".333",".469",".347",".334","129","-2.7","20.0","0.2","4.5","189","121","43","1","41","155","2","8",".802","1.58","20.4%","48.7%","30.9%","5.2%","15.6%","2.9%","38.6%","80.5%","56.0%","66.1%","88.8%","79.7%","41.5%","11.4%","50.3%","23.0%",".278","91.9","8.5","9.6%","112.4",".444","19612"
"Drew Waters","KCR","32","109","5","14","18","0","11.0%","36.7%",".240",".353",".240",".324",".479",".347",".293","125","-0.2","2.9","-2.9","0.4","23","11","6","1","12","40","0","0",".803","1.42","17.9%","48.2%","33.9%","0.0%","26.3%","3.7%","28.3%","73.7%","46.7%","53.4%","81.4%","71.3%","40.4%","13.4%","28.1%","29.3%",".195","84.1","10.4","12.3%","110.6",".376","20505"
"Alejandro Kirk","TOR","139","541","14","59","63","0","11.6%","10.7%",".130",".299",".285",".372",".415",".347",".351","129","-7.1","10.4","8.8","3.8","134","101","19","0","63","58","4","0",".786","1.63","19.2%","50.0%","30.8%","9.4%","10.9%","6.7%","26.3%","61.9%","41.0%","77.4%","90.9%","85.8%","41.2%","5.8%","45.0%","25.7%",".278","90.5","8.1","6.7%","110.1",".431","22581"
"Hunter Renfroe","MIL","125","522","29","62","72","1","7.5%","23.2%",".236",".281",".255",".315",".492",".347",".323","124","-1.6","12.9","-6.2","2.5","121","68","23","1","39","121","4","1",".807","0.78","17.5%","36.1%","46.5%","12.1%","17.6%","6.3%","34.4%","67.6%","47.7%","63.6%","84.0%","75.2%","40.1%","11.8%","43.3%","28.2%",".240","90.5","17.7","10.9%","112.5",".438","15464"
"Christian Walker","ARI","160","667","36","84","94","2","10.3%","19.6%",".235",".248",".242",".327",".477",".346",".359","122","-0.3","16.9","-0.4","4.1","141","78","25","2","69","131","8","2",".804","0.87","17.4%","38.3%","44.2%","10.8%","17.7%","7.4%","27.2%","70.1%","44.7%","57.7%","88.2%","77.2%","40.9%","10.2%","44.0%","26.0%",".257","90.0","17.0","11.5%","112.6",".484","13419"
"Rhys Hoskins","PHI","156","672","30","81","79","2","10.7%","25.1%",".216",".292",".246",".332",".462",".345",".338","122","-3.4","13.7","-15.1","2.2","145","80","33","2","72","169","6","1",".794","0.85","22.6%","35.6%","41.7%","11.9%","16.9%","7.3%","25.8%","63.9%","41.8%","58.1%","86.4%","76.2%","42.0%","9.9%","44.2%","28.8%",".239","90.1","18.1","11.1%","112.2",".445","16472"
"Vaughn Grissom","ATL","41","156","5","24","18","5","7.1%","21.8%",".149",".350",".291",".353",".440",".345",".326","121","1.9","5.7","-4.1","0.7","41","30","6","0","11","34","3","2",".792","1.45","25.0%","44.4%","30.6%","6.1%","15.2%","4.2%","37.6%","74.3%","51.7%","61.8%","89.9%","77.3%","38.4%","11.7%","34.3%","27.4%",".259","84.6","9.0","7.4%","107.1",".412","26031"
"Michael Brantley","HOU","64","277","5","28","26","1","11.2%","10.8%",".128",".311",".288",".370",".416",".345",".374","127","-0.7","7.7","-4.9","1.2","70","50","14","1","31","30","1","1",".785","1.42","24.3%","44.4%","31.3%","4.5%","7.5%","3.2%","25.6%","62.9%","41.5%","81.1%","92.6%","88.5%","42.5%","4.8%","45.1%","24.6%",".310","89.8","10.7","6.0%","108.2",".467","4106"
"Eugenio Suarez","SEA","150","629","31","76","87","0","11.6%","31.2%",".223",".302",".236",".332",".459",".344",".339","131","-2.5","19.2","-0.3","4.1","128","71","24","2","73","196","8","0",".791","0.75","20.2%","34.1%","45.7%","6.2%","19.3%","5.0%","24.7%","65.8%","41.8%","49.7%","79.8%","69.4%","41.6%","12.8%","43.5%","31.3%",".220","89.8","19.9","14.8%","111.4",".454","12552"
"Austin Slater","SFG","125","325","7","49","34","12","12.3%","27.4%",".144",".361",".264",".366",".408",".344",".351","124","3.5","12.7","-3.2","2.1","73","49","15","2","40","89","6","1",".774","2.02","21.6%","52.4%","25.9%","4.2%","14.6%","5.2%","28.3%","69.5%","44.7%","58.8%","79.0%","71.3%","39.8%","12.8%","39.5%","30.9%",".259","89.0","6.6","10.5%","109.4",".429","16153"
"Triston Casas","BOS","27","95","5","11","12","1","20.0%","24.2%",".211",".208",".197",".358",".408",".344",".325","120","-1.1","1.0","-0.8","0.3","15","9","1","0","19","23","0","0",".766","1.58","7.5%","56.6%","35.8%","5.3%","26.3%","6.7%","21.0%","62.8%","37.6%","57.7%","83.5%","74.8%","39.8%","9.5%","41.5%","27.4%",".193","86.0","2.2","7.5%","110.5",".356","22514"
"Matt Olson","ATL","162","699","34","86","103","0","10.7%","24.3%",".237",".274",".240",".325",".477",".344",".347","120","-0.8","15.4","-9.4","3.1","148","70","44","0","75","170","4","0",".802","0.92","18.7%","39.0%","42.3%","13.7%","17.9%","3.4%","32.8%","75.4%","49.5%","66.8%","79.2%","74.2%","39.2%","12.8%","50.9%","25.6%",".248","92.9","16.1","13.6%","116.8",".467","14344"
"David Villar","SFG","52","181","9","21","24","0","9.9%","32.0%",".224",".300",".231",".331",".455",".344",".285","124","-0.3","4.8","-2.0","0.9","36","20","6","1","18","58","6","1",".787","0.84","18.2%","37.4%","44.4%","2.3%","20.5%","2.7%","26.3%","68.8%","44.2%","43.2%","75.0%","64.1%","42.2%","15.9%","36.4%","33.0%",".189","86.8","17.8","9.1%","106.1",".327","24782"
"Danny Mendick","CHW","31","106","3","22","15","1","6.6%","21.7%",".155",".352",".289",".343",".443",".344",".273","125","1.0","4.0","0.6","0.8","28","20","4","1","7","23","1","0",".786","1.29","24.7%","42.5%","32.9%","4.2%","12.5%","6.5%","23.6%","64.6%","41.9%","69.1%","77.9%","75.1%","44.8%","10.4%","20.0%","31.5%",".229","86.8","10.3","4.0%","107.1",".327","18889"
"Josh Bell","- - -","156","647","17","78","71","0","12.5%","15.8%",".156",".296",".266",".362",".422",".344",".349","123","-5.6","11.3","-14.4","2.0","147","98","29","3","81","102","5","1",".784","1.63","18.6%","50.4%","30.9%","9.9%","12.1%","3.5%","29.1%","70.1%","45.3%","71.7%","86.3%","80.6%","39.4%","8.8%","40.5%","23.7%",".273","88.9","8.3","7.2%","112.2",".424","13145"
"Mark Canha","NYM","140","542","13","71","61","3","8.9%","17.9%",".136",".309",".266",".367",".403",".343",".323","128","-1.0","16.7","-8.3","2.8","123","86","24","0","48","97","28","1",".770","1.30","20.1%","45.3%","34.7%","13.3%","10.2%","11.4%","27.7%","63.3%","42.8%","73.2%","84.2%","80.1%","42.4%","8.5%","36.3%","29.5%",".245","87.7","10.9","4.9%","108.0",".362","11445"
"Travis d'Arnaud","ATL","107","426","18","61","60","0","4.5%","21.1%",".205",".306",".268",".319",".472",".343",".313","120","-3.6","6.1","16.8","3.9","106","62","25","1","19","90","11","0",".791","1.24","18.6%","45.1%","36.3%","10.8%","16.2%","5.8%","39.4%","71.0%","52.8%","64.6%","82.5%","74.8%","42.4%","13.3%","38.6%","28.4%",".247","88.5","11.8","8.5%","112.3",".412","7739"
"Gunnar Henderson","BAL","34","132","4","12","18","1","12.1%","25.8%",".181",".333",".259",".348",".440",".343",".338","125","-0.2","3.6","-0.3","0.8","30","18","7","1","16","34","0","1",".788","2.45","15.9%","59.8%","24.4%","5.0%","20.0%","4.1%","23.2%","67.3%","41.2%","60.8%","81.8%","74.8%","40.8%","10.4%","53.7%","29.1%",".250","92.4","2.0","9.8%","111.1",".432","26289"
"J.D. Martinez","BOS","139","596","16","76","62","0","8.7%","24.3%",".174",".345",".274",".341",".448",".343",".349","119","-7.3","5.8","-15.0","1.0","146","86","43","1","52","145","5","0",".790","0.96","22.1%","38.2%","39.7%","5.8%","10.3%","5.3%","34.9%","78.1%","51.9%","58.0%","81.2%","71.8%","39.4%","14.6%","41.4%","26.7%",".260","89.1","14.1","12.4%","111.6",".471","6184"
"Justin Turner","LAD","128","532","13","61","81","3","9.4%","16.7%",".160",".313",".278",".350",".438",".343",".339","123","-3.1","11.4","-6.4","2.4","130","81","36","0","50","89","6","0",".788","0.74","24.5%","32.0%","43.4%","6.0%","7.7%","4.0%","31.3%","72.5%","48.3%","73.4%","86.7%","81.6%","41.3%","8.9%","40.6%","23.5%",".267","89.5","18.4","8.0%","108.9",".427","5235"
"Darick Hall","PHI","42","142","9","19","16","0","3.5%","31.0%",".272",".301",".250",".282",".522",".343",".312","120","-0.5","2.8","-3.8","0.4","34","16","8","1","5","44","1","0",".804","0.74","20.7%","33.7%","45.7%","11.9%","21.4%","9.7%","36.3%","74.2%","52.3%","48.2%","84.7%","70.1%","42.2%","15.7%","44.6%","30.6%",".232","91.4","18.6","17.4%","113.0",".462","19717"
"Lars Nootbaar","STL","108","347","14","53","40","4","14.7%","20.5%",".221",".248",".228",".340",".448",".342",".346","125","1.4","11.3","2.4","2.7","66","33","16","3","51","71","1","1",".788","1.13","17.4%","43.8%","38.8%","11.8%","16.5%","6.3%","24.5%","58.8%","38.7%","67.3%","83.8%","77.7%","41.5%","8.6%","46.0%","28.9%",".247","91.7","10.7","12.1%","113.0",".414","21454"
"Andrew Benintendi","- - -","126","521","5","54","51","8","10.0%","14.8%",".095",".352",".304",".373",".399",".342",".334","122","0.6","13.5","-3.5","2.8","140","109","23","3","52","77","2","3",".772","1.26","22.1%","43.4%","34.5%","3.8%","3.8%","5.4%","27.9%","74.9%","48.1%","73.4%","85.5%","81.5%","43.1%","8.9%","38.5%","22.0%",".273","89.2","12.6","5.1%","109.8",".407","17901"
"Kerry Carpenter","DET","31","113","6","16","10","0","5.3%","28.3%",".233",".303",".252",".310",".485",".342",".292","126","-0.1","3.1","-1.6","0.5","26","15","4","1","6","32","3","0",".795","0.91","15.3%","40.3%","44.4%","6.3%","18.8%","3.4%","37.4%","73.0%","52.7%","55.4%","86.7%","74.0%","42.9%","13.7%","36.1%","26.6%",".209","87.2","14.5","11.1%","107.3",".394","25961"
"Francisco Lindor","NYM","161","706","26","98","107","16","8.4%","18.8%",".179",".301",".270",".339",".449",".342",".331","127","3.3","25.4","15.9","6.8","170","114","25","5","59","133","10","6",".788","1.11","17.9%","43.1%","39.0%","13.8%","13.3%","7.8%","33.8%","69.0%","47.7%","66.7%","88.1%","79.0%","39.6%","10.0%","41.1%","25.4%",".254","89.3","13.8","8.3%","110.7",".427","12916"
"Steven Kwan","CLE","147","638","6","89","52","19","9.7%","9.4%",".101",".323",".298",".373",".400",".341",".312","124","4.9","22.0","-0.7","4.4","168","130","25","7","62","60","7","5",".772","1.21","22.6%","42.4%","35.0%","9.0%","3.4%","8.4%","23.3%","55.3%","37.7%","85.0%","95.4%","91.9%","45.0%","3.1%","20.8%","27.6%",".268","85.1","11.8","1.4%","107.1",".341","24610"
"Oscar Gonzalez","CLE","91","382","11","39","43","1","3.9%","19.6%",".166",".345",".296",".327",".461",".339",".320","122","-1.3","8.3","-5.1","1.6","107","69","27","0","15","75","3","2",".789","1.79","20.8%","50.9%","28.4%","8.5%","13.4%","12.2%","48.3%","76.5%","59.3%","65.2%","86.0%","75.7%","39.1%","14.4%","39.8%","26.8%",".279","88.6","5.4","7.3%","113.3",".422","20970"
"Ian Happ","CHC","158","641","17","72","72","9","9.0%","23.2%",".169",".336",".271",".342",".440",".339",".306","120","0.7","15.2","-3.6","3.5","155","94","42","2","58","149","6","4",".781","1.38","20.1%","46.4%","33.5%","7.0%","11.9%","10.1%","30.7%","74.6%","49.0%","62.1%","83.7%","75.8%","41.5%","11.9%","40.2%","25.9%",".239","89.7","10.9","6.5%","113.9",".379","17919"
"Mike Brosseau","MIL","70","160","6","15","23","2","8.8%","30.0%",".163",".345",".255",".344",".418",".338",".300","118","0.8","4.2","-3.9","0.6","36","25","5","0","14","48","5","0",".762","0.95","16.1%","40.9%","43.0%","5.0%","15.0%","5.3%","31.7%","68.1%","46.9%","65.1%","77.6%","72.7%","42.0%","12.8%","41.9%","30.2%",".213","89.1","14.6","8.6%","104.1",".359","19683"
"Dustin Garneau","DET","8","11","0","1","1","0","9.1%","36.4%",".100",".500",".300",".364",".400",".338",".334","123","0.0","0.3","0.0","0.1","3","2","1","0","1","4","0","0",".764","0.00","16.7%","0.0%","83.3%","40.0%","0.0%","0.0%","34.6%","73.1%","53.8%","77.8%","68.4%","71.4%","50.0%","15.4%","16.7%","30.8%",".243","89.5","40.6","16.7%","104.6",".448","9433"
"Dylan Moore","SEA","104","255","6","41","24","21","13.3%","29.4%",".161",".320",".224",".368",".385",".338",".322","126","2.5","10.0","2.1","2.1","46","27","11","2","34","75","13","8",".753","0.65","17.7%","32.3%","50.0%","15.4%","9.2%","7.1%","20.8%","62.3%","38.4%","61.8%","81.3%","75.2%","42.4%","9.5%","36.1%","30.5%",".202","87.2","20.7","12.8%","110.5",".360","18042"
"Edwin Rios","LAD","27","92","7","12","17","0","5.4%","39.1%",".256",".326",".244",".293",".500",".338",".312","120","-0.7","1.5","-3.6","0.1","21","13","1","0","5","36","1","1",".793","1.12","28.0%","38.0%","34.0%","0.0%","41.2%","0.0%","36.3%","67.5%","50.4%","52.2%","74.5%","65.7%","45.2%","17.3%","40.0%","35.7%",".225","88.5","10.9","14.0%","107.9",".457","18316"
"Dansby Swanson","ATL","162","696","25","99","96","18","7.0%","26.1%",".170",".348",".277",".329",".447",".337",".337","116","3.1","15.7","21.4","6.4","177","119","32","1","49","182","3","7",".776","0.97","21.2%","38.7%","40.0%","6.5%","13.5%","8.9%","31.4%","74.6%","49.5%","57.1%","80.4%","71.8%","41.9%","13.9%","46.1%","28.8%",".257","90.2","15.7","10.8%","109.6",".461","18314"
"Ty France","SEA","140","613","20","65","83","0","5.7%","15.3%",".162",".296",".274",".338",".436",".337",".321","126","-2.8","14.9","-11.6","2.4","151","103","27","1","35","94","21","0",".774","1.56","21.4%","47.8%","30.7%","8.5%","14.1%","4.5%","35.8%","78.5%","52.4%","67.4%","92.9%","82.2%","38.9%","9.3%","36.3%","22.1%",".262","87.6","10.1","5.4%","110.4",".398","17982"
"Jake McCarthy","ARI","99","354","8","53","43","23","6.5%","21.5%",".143",".349",".283",".342",".427",".337",".298","116","7.7","14.3","-3.9","2.3","91","64","16","3","23","76","6","3",".769","1.72","22.3%","49.2%","28.6%","8.8%","11.8%","7.7%","34.5%","74.0%","51.9%","57.2%","84.5%","74.4%","44.2%","13.3%","33.3%","26.1%",".249","87.4","8.0","4.8%","108.3",".357","21622"
"Francisco Alvarez","NYM","5","14","1","3","1","0","14.3%","28.6%",".333",".143",".167",".286",".500",".336",".420","123","-0.2","0.2","-0.3","0.0","2","0","1","0","2","4","0","0",".786","1.33","12.5%","50.0%","37.5%","0.0%","33.3%","0.0%","32.5%","89.5%","50.8%","38.5%","82.4%","63.3%","32.2%","18.6%","37.5%","28.8%",".252","89.1","15.3","37.5%","108.9",".654","26121"
"Kolten Wong","MIL","134","497","15","65","47","17","9.3%","17.7%",".179",".280",".251",".339",".430",".336",".305","117","3.4","12.9","-6.0","2.5","108","65","24","4","46","88","14","6",".770","1.13","21.3%","41.8%","36.8%","15.1%","11.9%","4.9%","24.9%","65.8%","42.6%","65.9%","88.2%","80.8%","43.2%","8.2%","35.2%","26.1%",".235","87.0","14.0","5.4%","109.7",".353","12532"
"Anthony Santander","BAL","152","647","33","78","89","0","8.5%","18.9%",".214",".248",".240",".318",".455",".336",".352","120","0.3","14.9","-11.6","2.5","138","81","24","0","55","122","13","2",".773","0.63","18.9%","31.4%","49.8%","18.9%","14.5%","3.5%","35.0%","68.3%","47.7%","71.0%","88.6%","80.6%","38.2%","9.2%","43.3%","26.0%",".257","90.1","21.4","11.6%","112.0",".471","14551"
"Randy Arozarena","TBR","153","645","20","72","89","32","7.1%","24.2%",".183",".325",".263",".327",".445",".336",".301","125","-4.3","13.8","-8.3","2.7","154","90","41","3","46","156","11","12",".773","1.54","16.4%","50.7%","32.9%","19.0%","14.1%","9.6%","33.4%","65.6%","46.0%","63.8%","81.1%","73.5%","39.0%","12.2%","40.7%","30.3%",".234","89.9","8.9","7.9%","114.1",".382","19290"
"Ronald Acuna Jr.","ATL","119","533","15","71","50","29","9.9%","23.6%",".148",".331",".266",".351",".413",".335",".366","114","4.8","13.6","-10.7","2.2","124","85","24","0","53","126","10","11",".764","1.40","18.3%","47.7%","34.0%","12.8%","12.8%","11.0%","28.5%","76.2%","47.9%","66.9%","83.0%","77.3%","40.6%","10.9%","49.7%","24.7%",".272","91.2","10.8","12.8%","116.6",".486","18401"
"C.J. Cron","COL","150","632","29","79","102","0","6.8%","25.9%",".210",".307",".257",".315",".468",".335",".321","101","0.5","1.5","-10.7","1.3","148","88","28","3","43","164","8","0",".783","0.98","20.4%","39.4%","40.1%","9.6%","17.4%","6.1%","35.8%","64.4%","47.7%","65.1%","86.9%","77.3%","41.6%","10.8%","42.2%","28.4%",".244","88.6","14.1","10.8%","115.5",".438","12546"
"Seiya Suzuki","CHC","111","446","14","54","46","9","9.4%","24.7%",".171",".326",".262",".336",".433",".334",".327","116","-0.4","7.9","-3.7","2.0","104","66","22","2","42","110","4","5",".770","1.00","20.0%","40.0%","40.0%","8.6%","12.1%","12.9%","25.6%","57.4%","39.0%","64.2%","88.9%","79.5%","42.0%","8.0%","40.3%","31.2%",".247","89.6","11.2","11.0%","111.3",".419","30116"
"Keston Hiura","MIL","80","266","14","34","32","5","8.6%","41.7%",".222",".355",".226",".316",".449",".334",".317","115","0.7","5.3","-6.4","0.8","53","30","8","1","23","111","8","2",".765","0.98","25.0%","37.1%","37.9%","4.3%","29.8%","10.9%","34.1%","71.1%","48.8%","50.0%","71.2%","62.3%","39.6%","18.4%","45.2%","34.3%",".205","91.7","16.1","15.3%","111.0",".425","20003"
"J.D. Davis","- - -","115","365","12","46","35","1","10.7%","33.4%",".170",".360",".248",".340",".418",".333",".353","119","-3.1","5.1","-8.5","0.9","79","50","16","1","39","122","6","1",".758","1.33","21.2%","44.9%","33.8%","10.4%","17.9%","10.1%","29.3%","79.8%","51.3%","52.0%","71.1%","65.0%","43.5%","18.0%","55.6%","29.8%",".245","92.4","12.3","16.2%","112.7",".471","16219"
"Gosuke Katoh","TOR","8","11","0","2","0","0","27.3%","9.1%",".143",".167",".143",".400",".286",".333",".351","119","0.2","0.4","0.3","0.1","1","0","1","0","3","1","0","0",".686","1.50","16.7%","50.0%","33.3%","50.0%","0.0%","0.0%","5.0%","83.3%","42.1%","100.0%","93.3%","93.8%","47.4%","2.6%","14.3%","7.9%",".215","83.3","25.6","0.0%","98.7",".259","15697"
"Jorge Polanco","MIN","104","445","16","54","56","3","14.4%","21.3%",".171",".269",".235",".346",".405",".333",".358","119","0.9","10.5","-7.2","1.8","88","56","16","0","64","95","2","3",".751","0.62","21.8%","30.0%","48.2%","8.9%","11.9%","3.6%","28.2%","64.0%","42.3%","64.3%","85.8%","77.1%","39.3%","9.7%","38.4%","27.8%",".248","89.0","21.7","10.2%","111.0",".451","13152"
"Gio Urshela","MIN","144","551","13","61","64","1","7.4%","17.4%",".144",".326",".285",".338",".429",".332",".323","119","-6.2","5.6","-0.7","2.4","143","100","27","3","41","96","2","0",".767","1.22","22.8%","42.5%","34.7%","7.0%","9.1%","9.7%","39.7%","72.0%","53.1%","73.1%","87.6%","81.2%","41.5%","10.0%","37.6%","24.5%",".268","88.9","11.8","7.0%","110.3",".416","10681"
"Alex Call","- - -","47","131","5","18","13","3","11.5%","22.9%",".175",".278",".237",".336",".412",".332",".279","113","0.3","2.2","-0.5","0.6","27","18","3","1","15","30","2","3",".748","0.86","21.7%","36.1%","42.2%","5.7%","14.3%","3.3%","27.9%","65.2%","44.0%","65.6%","82.6%","76.5%","43.3%","10.4%","29.8%","30.4%",".209","86.2","18.1","1.2%","108.8",".290","19296"
"Josh Naylor","CLE","122","498","20","47","79","6","7.6%","16.1%",".196",".268",".256",".319",".452",".331",".327","117","-3.6","5.8","-5.8","1.7","115","67","28","0","38","80","6","1",".771","1.45","17.4%","48.9%","33.7%","10.3%","15.9%","4.9%","37.5%","73.4%","51.0%","72.5%","88.9%","81.4%","37.4%","9.5%","42.5%","22.4%",".257","89.4","10.3","8.6%","113.0",".430","18839"
"Sean Murphy","OAK","148","612","18","67","66","1","9.2%","20.3%",".177",".290",".250",".332",".426",".331",".344","122","-1.4","13.8","15.0","5.1","134","77","37","2","56","124","13","0",".759","1.12","20.3%","42.1%","37.6%","10.2%","11.5%","5.1%","34.0%","72.1%","49.3%","67.1%","85.3%","77.8%","40.2%","11.0%","41.1%","25.7%",".255","88.7","11.5","10.5%","114.0",".439","19352"
"Corey Seager","TEX","151","663","33","91","83","3","8.7%","15.5%",".211",".242",".245",".317",".455",".331",".372","117","2.6","15.1","6.7","4.5","145","87","24","1","58","103","7","0",".772","1.03","21.0%","40.0%","39.0%","1.6%","17.1%","3.0%","35.1%","81.9%","54.5%","53.0%","88.2%","74.9%","41.5%","13.7%","45.5%","22.7%",".283","91.1","13.6","10.5%","111.3",".510","13624"
"Matt Chapman","TOR","155","621","27","83","76","2","11.0%","27.4%",".204",".277",".229",".324",".433",".331",".341","117","3.1","15.0","4.6","4.1","123","68","27","1","68","170","10","2",".757","0.70","17.4%","34.0%","48.5%","16.6%","14.9%","5.5%","22.9%","67.9%","41.8%","61.9%","79.7%","74.0%","41.8%","10.8%","50.7%","29.3%",".234","92.2","19.0","12.9%","112.7",".440","16505"
"Garrett Cooper","MIA","119","469","9","37","50","0","8.5%","25.4%",".155",".340",".261",".337",".415",".330",".341","115","-2.2","6.2","-8.6","1.4","108","64","33","2","40","119","10","0",".752","1.51","26.3%","44.3%","29.3%","3.4%","10.2%","6.0%","31.7%","64.7%","45.2%","64.1%","87.9%","78.0%","41.1%","9.9%","43.3%","29.5%",".260","89.6","8.8","10.7%","112.6",".436","15279"
"Evan Longoria","SFG","89","298","14","31","42","0","9.1%","27.9%",".207",".297",".244",".315",".451",".330",".324","115","-2.3","2.8","-0.8","1.3","65","38","13","0","27","83","2","0",".767","0.88","22.0%","36.6%","41.4%","10.4%","18.2%","8.8%","29.5%","64.8%","44.4%","61.1%","79.6%","72.5%","42.1%","12.2%","46.8%","29.9%",".233","91.1","18.2","12.4%","109.6",".437","9368"
"Cal Raleigh","SEA","119","415","27","46","63","1","9.2%","29.4%",".278",".226",".211",".284",".489",".330",".324","121","-1.0","8.6","18.0","4.2","78","30","20","1","38","122","2","0",".774","0.51","15.8%","28.5%","55.7%","9.2%","19.1%","9.7%","36.0%","78.4%","52.4%","59.0%","79.2%","70.7%","38.9%","15.3%","43.5%","26.4%",".216","90.9","22.5","15.4%","114.0",".461","21534"
"DJ LeMahieu","NYY","125","541","12","74","46","4","12.4%","13.1%",".116",".285",".261",".357",".377",".329",".344","116","-4.0","6.0","4.9","3.0","122","92","18","0","67","71","4","3",".734","1.88","18.4%","53.3%","28.3%","4.5%","10.7%","6.6%","27.6%","54.7%","39.4%","80.3%","92.0%","87.4%","43.6%","5.0%","40.6%","28.9%",".274","89.2","3.0","5.3%","110.9",".403","9874"
"Jared Young","CHC","6","22","0","2","0","1","13.6%","31.8%",".105",".417",".263",".364",".368",".329",".315","113","0.3","0.6","-0.4","0.1","5","3","2","0","3","7","0","0",".732","1.00","33.3%","33.3%","33.3%","0.0%","0.0%","25.0%","28.1%","73.2%","46.9%","37.5%","73.3%","60.9%","41.8%","18.4%","50.0%","32.7%",".234","90.7","9.3","8.3%","108.6",".360","20404"
"Jose Miranda","MIN","125","483","15","45","66","1","5.8%","18.8%",".158",".307",".268",".325",".426",".329",".317","117","-4.5","4.6","-9.3","1.1","119","79","25","0","28","91","10","1",".751","1.12","20.3%","42.1%","37.6%","13.5%","11.3%","7.4%","37.2%","73.5%","51.5%","63.8%","88.2%","77.5%","39.3%","11.6%","42.1%","26.0%",".253","89.3","13.8","6.2%","109.4",".410","20538"
"Gleyber Torres","NYY","140","572","24","73","76","10","6.8%","22.6%",".194",".295",".257",".310",".451",".328",".319","115","-0.2","9.8","-2.0","2.7","135","82","28","1","39","129","3","5",".761","0.78","18.5%","35.6%","45.9%","8.7%","13.1%","6.3%","31.5%","74.9%","49.4%","62.0%","82.4%","74.8%","41.3%","12.4%","44.9%","26.8%",".244","90.4","17.5","10.7%","111.3",".441","16997"
"Gavin Lux","LAD","129","471","6","66","42","7","10.0%","20.2%",".124",".341",".276",".346",".399",".328",".314","113","3.2","10.5","1.9","3.0","116","83","20","7","47","95","0","2",".745","1.66","21.6%","48.9%","29.5%","7.2%","6.2%","8.1%","26.7%","65.0%","42.6%","64.2%","86.9%","78.6%","41.5%","9.1%","39.8%","27.9%",".247","88.0","6.8","6.1%","108.1",".372","19955"
"Christian Yelich","MIL","154","671","14","99","57","19","13.1%","24.1%",".130",".327",".252",".355",".383",".328",".339","111","3.4","11.9","-12.9","2.3","145","102","25","4","88","162","5","3",".738","2.55","18.4%","58.6%","23.0%","5.3%","14.7%","6.2%","26.2%","68.2%","43.1%","57.6%","88.5%","77.3%","40.4%","9.8%","48.1%","26.8%",".258","91.5","3.6","8.2%","117.2",".404","11477"
"Harold Ramirez","TBR","120","435","6","46","58","3","4.4%","16.6%",".104",".350",".300",".343",".404",".327",".314","119","-2.3","7.0","-9.5","1.2","121","91","24","0","19","72","9","5",".747","1.87","19.4%","52.5%","28.1%","11.7%","6.4%","12.5%","44.7%","74.0%","56.4%","64.1%","87.2%","76.2%","40.0%","13.4%","40.9%","26.9%",".280","88.5","4.8","4.8%","113.7",".387","14387"
"Rowdy Tellez","MIL","153","599","35","67","89","2","10.4%","20.2%",".242",".215",".219",".306",".461",".327",".349","110","-6.6","0.7","-12.9","0.8","116","58","23","0","62","121","5","1",".767","0.86","15.6%","38.9%","45.5%","12.3%","18.7%","4.4%","31.0%","60.5%","43.3%","67.9%","85.7%","78.3%","41.6%","9.4%","45.7%","28.9%",".252","91.1","15.3","12.9%","116.9",".479","15679"
"Giancarlo Stanton","NYY","110","452","31","53","78","0","11.1%","30.3%",".251",".227",".211",".297",".462",".327",".351","115","-2.6","4.8","-8.2","1.2","84","46","7","0","50","137","0","0",".759","1.21","14.8%","46.6%","38.6%","9.8%","30.4%","4.1%","30.7%","62.6%","43.1%","54.7%","74.7%","66.0%","39.1%","14.7%","52.1%","32.9%",".240","95.0","10.8","19.2%","119.8",".477","4949"
"Luis Urias","MIL","119","472","16","54","47","1","10.6%","21.0%",".165",".274",".239",".335",".404",".327",".326","110","0.2","5.8","0.0","2.3","97","63","17","1","50","99","11","2",".739","0.84","20.2%","36.5%","43.3%","9.6%","11.9%","6.1%","26.5%","65.2%","43.2%","75.2%","82.7%","80.0%","43.1%","8.6%","34.9%","28.2%",".238","87.3","18.0","8.3%","109.7",".398","16622"
"Lourdes Gurriel Jr.","TOR","121","493","5","52","52","3","6.3%","16.8%",".108",".346",".291",".343",".400",".327",".321","114","-4.1","3.8","-9.8","1.0","132","94","32","1","31","83","6","4",".743","1.41","23.7%","44.6%","31.7%","7.6%","4.2%","7.2%","33.4%","69.9%","48.6%","69.0%","87.6%","80.1%","41.6%","9.7%","45.3%","26.5%",".273","90.6","10.9","3.8%","109.5",".400","19238"
"Andrew Vaughn","CHW","134","555","17","60","76","0","5.6%","17.3%",".159",".301",".271",".321",".429",".327",".319","113","-3.2","4.9","-26.7","-0.4","138","92","28","1","31","96","9","0",".750","1.40","18.1%","47.7%","34.1%","9.8%","11.9%","8.0%","35.5%","63.2%","47.0%","69.4%","89.8%","80.8%","41.6%","9.0%","48.4%","29.1%",".255","90.8","7.5","7.9%","112.1",".415","26197"
"Jake Burger","CHW","51","183","8","20","26","0","5.5%","30.6%",".208",".324",".250",".302",".458",".327",".318","113","-1.0","1.6","-5.0","0.3","42","24","9","1","10","56","3","0",".761","1.00","15.0%","42.5%","42.5%","8.3%","16.7%","14.6%","42.3%","73.0%","54.0%","49.7%","83.6%","67.1%","38.0%","17.7%","43.0%","31.8%",".225","90.7","12.3","14.9%","114.4",".460","22275"
"Chas McCormick","HOU","119","407","14","47","44","4","11.3%","26.0%",".162",".308",".245",".332",".407",".326",".325","114","-1.1","5.2","0.9","2.0","88","60","12","2","46","106","1","3",".738","1.23","21.8%","43.1%","35.1%","4.6%","16.1%","10.3%","32.5%","72.3%","48.0%","58.3%","80.1%","71.1%","39.0%","13.9%","39.0%","29.3%",".232","88.1","12.8","10.2%","109.9",".414","19599"
"Edward Olivares","KCR","53","174","4","24","15","2","5.7%","20.7%",".124",".344",".286",".333",".410",".326",".339","110","0.5","2.5","-4.7","0.4","46","34","8","0","10","36","2","3",".743","1.57","24.6%","46.0%","29.4%","8.1%","10.8%","10.3%","36.9%","71.1%","51.2%","65.5%","85.3%","77.0%","41.7%","11.8%","38.9%","27.1%",".288","89.2","6.6","6.3%","111.3",".433","19698"
"Josh Rojas","ARI","125","510","9","66","56","23","10.8%","19.2%",".122",".323",".269",".349",".391",".326",".308","108","6.2","11.2","-2.9","2.7","119","84","25","1","55","98","2","3",".739","1.18","23.3%","41.6%","35.2%","5.8%","7.4%","4.9%","22.5%","65.1%","40.8%","68.2%","85.2%","79.9%","43.0%","8.2%","36.1%","27.3%",".242","88.8","11.9","4.5%","109.1",".365","19734"
"Ryan McMahon","COL","153","597","20","67","67","7","10.1%","26.5%",".168",".311",".246",".327",".414",".326",".330","95","2.1","-1.3","10.4","3.1","130","84","23","3","60","158","5","3",".741","1.36","22.7%","44.6%","32.7%","2.5%","16.5%","3.6%","28.5%","66.2%","45.2%","60.0%","83.0%","74.9%","44.2%","11.3%","46.3%","28.4%",".248","91.7","10.8","10.4%","113.7",".423","15112"
"Gabriel Moreno","TOR","25","73","1","10","7","0","5.5%","11.0%",".058",".350",".319",".356",".377",".326",".299","113","-0.3","0.8","3.8","0.7","22","20","1","0","4","8","0","0",".733","2.33","18.0%","57.4%","24.6%","6.7%","6.7%","8.6%","34.8%","61.5%","47.9%","68.1%","88.8%","81.1%","49.1%","9.1%","32.8%","30.9%",".274","89.2","5.9","3.3%","109.2",".362","22664"
"David Bote","CHC","41","127","4","15","12","1","4.7%","35.4%",".172",".382",".259",".315",".431",".325",".289","110","-0.2","1.3","-0.8","0.5","30","18","8","0","6","45","4","0",".746","1.67","22.2%","48.6%","29.2%","19.0%","19.0%","8.6%","30.0%","64.7%","44.5%","45.3%","82.1%","67.7%","41.9%","14.4%","55.6%","37.0%",".233","92.4","7.9","6.9%","109.6",".354","14593"
"Willy Adames","MIL","139","617","31","83","98","8","7.9%","26.9%",".220",".278",".238",".298",".458",".325",".323","109","2.4","8.8","14.8","4.7","134","72","31","0","49","166","1","3",".756","0.74","20.0%","34.2%","45.9%","10.3%","16.8%","8.8%","33.7%","72.4%","49.6%","59.5%","83.6%","73.9%","40.9%","12.9%","43.4%","27.4%",".238","88.9","18.9","13.0%","110.6",".451","15986"
"Adolis Garcia","TEX","156","657","27","88","101","25","6.1%","27.9%",".207",".309",".250",".300",".456",".324",".322","112","6.0","14.8","0.5","3.8","151","85","34","5","40","183","6","6",".756","1.02","19.4%","40.7%","39.8%","12.9%","15.9%","8.6%","40.3%","75.5%","53.5%","59.2%","76.9%","68.6%","37.6%","16.8%","47.4%","29.6%",".244","92.1","13.1","12.9%","113.0",".447","19287"
"Luis Robert","CHW","98","401","12","54","56","11","4.2%","19.2%",".142",".329",".284",".319",".426",".324",".327","111","4.4","9.5","-2.5","2.1","108","78","18","0","17","77","3","3",".746","1.37","22.0%","45.1%","32.9%","10.0%","12.0%","9.5%","48.3%","84.1%","61.5%","62.6%","87.8%","75.3%","36.8%","15.2%","42.4%","24.3%",".272","89.3","10.0","8.9%","117.8",".449","20043"
"Salvador Perez","KCR","114","473","23","48","76","0","3.8%","23.0%",".211",".285",".254",".292",".465",".324",".326","108","-3.2","1.4","-11.6","0.5","113","66","23","1","18","109","7","0",".757","0.78","18.0%","36.0%","46.0%","6.4%","14.7%","8.2%","45.7%","78.5%","57.4%","60.8%","80.9%","70.6%","35.6%","16.9%","49.0%","26.6%",".245","91.4","17.8","11.2%","112.5",".473","7304"
"Wander Franco","TBR","83","344","6","46","33","8","7.6%","9.6%",".140",".290",".277",".328",".417",".323",".331","116","4.0","10.3","0.9","2.3","87","58","20","3","26","33","0","0",".746","1.42","24.6%","44.2%","31.2%","10.1%","6.7%","4.8%","34.7%","74.7%","51.3%","78.9%","94.2%","88.1%","41.5%","6.1%","35.4%","19.6%",".285","87.3","8.2","4.6%","112.4",".408","23667"
"Seby Zavala","CHW","61","205","2","22","21","0","9.3%","31.2%",".112",".404",".270",".347",".382",".323",".283","111","-0.7","1.7","9.5","1.9","48","32","14","0","19","64","3","0",".729","0.60","24.1%","28.4%","47.4%","9.1%","3.6%","9.1%","35.8%","79.1%","53.5%","46.5%","78.8%","66.0%","40.9%","18.2%","37.0%","29.5%",".207","88.8","22.7","9.2%","105.8",".326","18887"
"Seth Brown","OAK","150","555","25","55","73","11","9.2%","26.3%",".214",".273",".230",".305",".444",".323",".338","117","2.4","12.7","-13.2","1.8","115","61","26","3","51","146","3","2",".749","0.81","20.1%","35.9%","44.1%","10.9%","16.0%","4.7%","32.9%","70.7%","48.1%","54.1%","85.8%","72.9%","40.4%","13.1%","40.8%","28.2%",".251","89.2","15.8","13.0%","112.9",".454","18171"
"T.J. Friedl","CIN","72","258","8","33","25","7","7.8%","15.5%",".196",".251",".240",".314",".436",".323",".283","101","0.9","1.3","-4.8","0.5","54","31","10","5","20","40","7","2",".750","0.64","17.8%","32.2%","50.0%","12.2%","8.9%","1.7%","26.9%","63.3%","42.7%","66.2%","89.4%","81.2%","43.5%","8.0%","29.3%","27.1%",".215","87.2","19.8","4.7%","107.2",".335","19522"
"Yonathan Daza","COL","113","408","2","56","34","0","6.4%","14.2%",".083",".347",".301",".349",".384",".323",".308","93","-0.1","-3.2","-4.0","0.7","112","87","21","2","26","58","4","3",".733","2.67","23.9%","55.3%","20.8%","4.5%","3.0%","6.8%","39.4%","65.5%","50.2%","73.8%","89.7%","82.4%","41.3%","8.9%","25.0%","26.1%",".282","84.8","4.6","1.9%","106.0",".351","15794"
"Isaac Paredes","TBR","111","381","20","48","45","0","11.5%","17.6%",".230",".195",".205",".304",".435",".323",".297","116","-0.7","6.2","4.6","2.4","68","32","16","0","44","67","4","1",".740","0.93","12.4%","42.1%","45.5%","14.9%","16.5%","4.5%","25.1%","62.6%","39.8%","76.8%","90.2%","85.1%","39.3%","5.9%","37.6%","26.2%",".210","87.4","15.9","6.4%","110.4",".348","20036"
"Vinny Capra","TOR","8","7","0","2","0","0","28.6%","14.3%",".000",".250",".200",".429",".200",".323",".379","112","-0.1","0.0","0.0","0.0","1","1","0","0","2","1","0","0",".629","2.00","25.0%","50.0%","25.0%","0.0%","0.0%","0.0%","15.0%","55.6%","27.6%","66.7%","80.0%","75.0%","31.0%","6.9%","50.0%","27.6%",".249","87.4","-5.3","0.0%","102.0",".354","25040"
"Tim Anderson","CHW","79","351","6","50","25","13","4.0%","15.7%",".093",".347",".301",".339",".395",".323",".340","110","2.8","6.8","1.2","2.0","100","81","13","0","14","55","5","0",".734","2.62","24.2%","54.9%","20.9%","1.7%","10.3%","10.5%","44.4%","77.3%","57.8%","69.4%","88.1%","79.6%","40.8%","11.8%","41.2%","24.0%",".302","88.2","3.3","5.8%","108.7",".438","15172"
"Daulton Varsho","ARI","151","592","27","79","74","16","7.8%","24.5%",".207",".269",".235",".302",".443",".323",".298","106","3.4","7.7","16.4","4.6","125","72","23","3","46","145","7","6",".745","0.91","15.3%","40.4%","44.3%","11.9%","16.1%","5.2%","34.8%","68.7%","49.9%","67.6%","82.3%","76.6%","44.6%","11.7%","35.3%","27.5%",".214","87.7","14.9","10.2%","110.3",".389","19918"
"Christopher Morel","CHC","113","425","16","55","47","10","8.9%","32.2%",".198",".320",".235",".308",".433",".322",".324","108","1.9","5.9","-5.1","1.6","89","50","19","4","38","137","3","7",".741","1.54","17.5%","50.0%","32.5%","12.8%","20.5%","7.5%","33.2%","72.8%","49.5%","54.8%","68.9%","63.4%","41.3%","18.1%","39.7%","32.3%",".233","89.6","9.1","13.4%","112.9",".435","21897"
"Eric Haase","DET","110","351","14","41","44","0","6.8%","27.6%",".189",".316",".254",".305",".443",".322",".302","112","-1.5","3.1","-1.8","1.3","82","50","17","1","24","97","1","0",".748","0.96","19.7%","39.3%","41.0%","12.8%","14.9%","6.7%","39.2%","71.9%","51.4%","57.1%","79.7%","68.9%","37.3%","16.0%","42.4%","30.9%",".239","87.7","17.0","8.7%","109.9",".399","14111"
"Oswaldo Cabrera","NYY","44","171","6","21","19","3","8.8%","25.7%",".182",".305",".247",".312",".429",".322",".287","111","0.4","2.6","6.6","1.5","38","23","8","1","15","44","0","2",".740","0.56","21.8%","28.2%","50.0%","9.1%","10.9%","0.0%","36.7%","75.3%","52.2%","57.3%","86.6%","74.3%","40.2%","13.4%","34.8%","26.7%",".220","86.8","21.5","6.3%","107.5",".361","21707"
"Ji-Man Choi","TBR","113","419","11","36","52","0","13.8%","29.4%",".154",".320",".233",".341",".388",".322",".337","116","-2.7","4.6","-5.7","1.3","83","50","22","0","58","123","2","0",".729","1.41","23.0%","45.1%","31.9%","6.7%","14.7%","6.6%","23.0%","71.6%","41.5%","55.2%","77.5%","69.9%","38.2%","12.5%","47.5%","29.0%",".236","92.2","10.6","11.9%","111.1",".413","5452"
"Alan Trejo","COL","35","125","4","15","17","1","4.0%","24.8%",".153",".337",".271",".312",".424",".321",".291","92","0.1","-1.0","0.5","0.4","32","22","6","0","5","31","2","2",".736","1.06","24.1%","39.1%","36.8%","3.1%","12.5%","0.0%","39.6%","69.4%","52.2%","63.7%","84.8%","75.6%","42.3%","12.8%","29.9%","29.6%",".242","86.2","13.6","4.6%","104.9",".375","20056"
"Nick Gordon","MIN","138","443","9","45","50","6","4.3%","23.7%",".156",".340",".272",".316",".427",".321",".333","111","-0.6","4.9","-4.5","1.5","110","69","28","4","19","105","10","4",".743","1.15","24.2%","40.5%","35.3%","3.7%","8.3%","4.8%","42.4%","80.8%","59.2%","61.4%","83.0%","74.3%","43.7%","15.2%","44.3%","25.6%",".261","90.6","12.5","9.4%","110.7",".464","16337"
"Brendan Rodgers","COL","137","581","13","72","63","0","7.9%","17.4%",".142",".304",".266",".325",".408",".321",".326","92","-1.7","-7.2","3.5","1.7","140","94","30","3","46","101","3","0",".733","1.96","21.1%","52.2%","26.7%","2.6%","11.3%","8.4%","31.4%","74.0%","49.4%","64.7%","88.0%","79.5%","42.3%","10.1%","45.9%","25.2%",".265","90.0","4.6","7.2%","112.2",".404","17907"
"Orlando Arcia","ATL","68","234","9","25","30","0","9.0%","21.8%",".172",".278",".244",".316",".416",".321",".329","104","-0.1","1.0","-2.5","0.7","51","33","9","0","21","51","2","0",".733","1.22","16.4%","45.9%","37.7%","3.3%","15.0%","8.2%","31.2%","63.8%","44.7%","54.2%","88.5%","74.5%","41.4%","11.4%","42.5%","29.3%",".253","90.7","11.7","7.5%","107.9",".421","13185"
"Oneil Cruz","PIT","87","361","17","45","54","10","7.8%","34.9%",".218",".317",".233",".294",".450",".320",".304","106","2.0","4.5","-5.1","1.2","77","43","13","4","28","126","1","4",".744","1.42","16.5%","49.0%","34.5%","12.7%","23.9%","8.9%","32.3%","54.3%","40.6%","49.7%","82.6%","66.2%","37.7%","13.7%","45.6%","35.4%",".223","91.9","8.3","15.5%","122.4",".410","21711"
"Jurickson Profar","SDP","152","658","15","82","58","5","11.1%","15.7%",".148",".272",".243",".331",".391",".320",".315","110","-1.4","6.3","-4.6","2.5","140","87","36","2","73","103","4","1",".723","1.28","21.7%","43.9%","34.4%","10.4%","9.2%","6.3%","27.0%","65.5%","43.3%","72.6%","88.7%","82.9%","42.3%","7.4%","34.3%","25.6%",".251","87.5","12.9","4.0%","109.4",".359","10815"
"Sam Haggerty","SEA","83","201","5","29","23","13","9.0%","26.4%",".148",".333",".256",".335",".403",".320",".285","114","2.2","5.3","2.7","1.5","45","30","9","1","18","53","4","1",".738","1.42","23.3%","45.0%","31.7%","13.2%","13.2%","5.6%","29.1%","72.4%","47.7%","56.6%","82.0%","73.1%","42.9%","12.8%","24.6%","29.3%",".230","86.0","13.6","4.0%","109.0",".330","18054"
"Jean Segura","PHI","98","387","10","45","33","13","6.5%","15.0%",".110",".307",".277",".336",".387",".320",".303","105","-1.6","0.4","3.0","1.7","98","79","9","0","25","58","7","6",".723","2.10","16.5%","56.6%","26.9%","13.8%","12.5%","11.9%","37.5%","66.1%","48.6%","75.4%","90.1%","83.2%","39.0%","8.2%","38.4%","26.5%",".254","87.6","4.3","4.4%","111.0",".363","5933"
"Nico Hoerner","CHC","135","517","10","60","55","20","5.4%","11.0%",".129",".300",".281",".327",".410",".320",".301","106","2.3","6.0","14.3","4.0","135","98","22","5","28","57","6","2",".736","1.39","20.7%","46.1%","33.2%","8.5%","7.1%","5.1%","36.2%","67.1%","49.1%","77.0%","93.9%","86.6%","41.6%","6.6%","32.9%","24.6%",".270","87.2","10.7","2.6%","109.7",".366","21479"
"Juan Yepez","STL","76","274","12","27","30","0","5.8%","22.3%",".194",".283",".253",".296",".447",".319",".286","109","-1.7","1.2","-9.8","0.1","64","39","13","0","16","61","1","0",".742","0.80","15.3%","37.8%","46.9%","13.0%","13.0%","9.5%","40.2%","74.7%","54.5%","60.9%","88.5%","76.6%","41.5%","12.8%","33.7%","25.5%",".216","86.5","17.1","9.2%","114.4",".394","18400"
"Alex Verdugo","BOS","152","644","11","75","74","1","6.5%","13.4%",".125",".309",".280",".328",".405",".319",".329","103","-1.1","0.8","-10.2","1.2","166","115","39","1","42","86","3","3",".732","1.38","21.4%","45.6%","32.9%","7.1%","6.5%","5.6%","29.0%","64.9%","45.2%","72.7%","93.3%","86.1%","45.2%","6.3%","37.8%","25.1%",".278","89.1","8.4","6.0%","111.0",".428","17027"
"Mitch Haniger","SEA","57","247","11","31","34","0","8.1%","26.3%",".183",".293",".246",".308",".429",".319",".328","113","-0.9","2.7","-2.9","0.8","55","36","8","0","20","65","1","0",".736","0.87","19.9%","37.3%","42.9%","14.5%","15.9%","6.7%","30.2%","67.2%","45.4%","57.1%","82.5%","72.6%","41.1%","12.4%","47.2%","30.3%",".245","91.9","18.2","11.8%","111.0",".450","14274"
"Donovan Solano","CIN","80","304","4","22","24","0","6.3%","20.1%",".101",".349",".284",".339",".385",".319",".315","98","-2.0","-2.6","-3.0","0.5","79","59","16","0","19","61","5","0",".724","1.61","27.4%","44.7%","27.9%","8.2%","6.6%","2.0%","36.2%","66.7%","49.5%","67.9%","90.7%","81.3%","43.5%","9.3%","39.7%","28.4%",".268","88.3","10.7","5.9%","107.3",".393","8623"
"Christian Arroyo","BOS","87","300","6","32","36","5","4.3%","16.3%",".129",".326",".286",".322",".414",".319",".330","102","-3.2","-2.4","-5.2","0.2","80","57","16","1","13","49","3","1",".736","1.56","25.3%","45.5%","29.2%","8.8%","8.8%","5.7%","43.0%","78.2%","57.4%","68.9%","92.2%","81.9%","41.0%","10.4%","42.1%","21.5%",".292","88.9","9.1","6.4%","112.2",".430","16434"
"Jake Cronenworth","SDP","158","684","17","88","88","3","10.2%","19.2%",".152",".275",".239",".332",".390",".318",".303","109","6.8","13.7","2.3","4.1","140","89","30","4","70","131","16","0",".722","0.74","16.9%","35.4%","47.7%","6.4%","7.7%","6.7%","25.4%","61.5%","41.7%","69.7%","91.3%","84.1%","45.0%","6.6%","33.8%","28.0%",".221","87.6","18.1","5.6%","108.6",".356","18036"
"Charles Leblanc","MIA","48","169","4","18","11","4","7.1%","31.4%",".141",".374",".263",".320",".404",".318",".285","107","1.4","2.8","-0.3","0.9","41","27","10","0","12","53","1","2",".723","0.90","23.5%","36.3%","40.2%","17.1%","9.8%","10.8%","30.3%","61.8%","43.6%","55.7%","90.2%","76.4%","42.3%","10.3%","31.1%","28.9%",".218","87.3","16.9","8.7%","109.0",".368","19813"
"Max Muncy","LAD","136","565","21","69","69","2","15.9%","25.0%",".188",".227",".196",".329",".384",".318",".339","106","2.1","6.3","-2.7","2.4","91","47","22","1","90","141","5","0",".713","0.64","19.0%","31.5%","49.5%","7.4%","13.0%","7.8%","21.2%","61.7%","38.4%","59.3%","82.3%","75.0%","42.5%","9.6%","44.7%","30.0%",".208","90.3","20.9","13.4%","111.2",".417","13301"
"Tommy Edman","STL","153","630","13","95","57","32","7.3%","17.6%",".135",".308",".265",".324",".400",".318",".308","108","8.4","14.2","18.4","5.6","153","105","31","4","46","111","5","3",".725","1.60","19.6%","49.5%","31.0%","11.1%","9.0%","5.7%","34.2%","63.8%","46.7%","67.5%","90.9%","81.1%","42.4%","8.8%","37.6%","26.6%",".258","88.6","8.7","6.2%","112.8",".380","19470"
"Thairo Estrada","SFG","140","541","14","71","62","21","6.1%","16.5%",".139",".290",".260",".322",".400",".317",".299","106","2.4","6.2","1.5","2.7","127","89","22","2","33","89","14","6",".722","1.71","19.9%","50.5%","29.5%","12.0%","12.0%","10.0%","35.5%","68.7%","48.7%","69.2%","90.8%","81.3%","39.8%","9.1%","30.6%","25.7%",".246","86.2","8.1","4.4%","109.3",".352","16426"
"Marcus Semien","TEX","161","724","26","101","83","25","7.3%","16.6%",".181",".263",".248",".304",".429",".317",".306","107","7.0","12.5","4.1","4.2","163","101","31","5","53","120","4","8",".733","0.72","19.0%","33.8%","47.2%","8.5%","10.1%","11.4%","29.0%","74.7%","47.2%","64.7%","90.3%","80.8%","39.8%","9.0%","34.9%","24.6%",".243","87.3","19.9","6.8%","110.1",".394","12533"
"Ketel Marte","ARI","137","558","12","68","52","5","9.9%","18.1%",".167",".276",".240",".321",".407",".317",".315","102","-0.9","0.6","-5.8","1.4","118","62","42","2","55","101","6","1",".727","1.08","18.7%","42.3%","39.0%","9.1%","7.8%","1.8%","30.7%","68.5%","46.0%","73.4%","86.3%","81.1%","40.5%","8.7%","41.9%","24.7%",".251","90.1","13.5","6.1%","115.0",".377","13613"
"Charlie Blackmon","COL","135","577","16","60","78","4","5.5%","18.9%",".155",".304",".264",".314",".419",".317",".301","89","1.4","-5.9","-12.3","0.1","140","96","22","6","32","109","8","1",".733","1.28","22.7%","43.4%","33.9%","10.5%","11.2%","8.2%","35.9%","71.8%","51.4%","72.0%","87.5%","81.3%","43.2%","9.6%","30.6%","24.5%",".256","86.2","12.4","4.4%","109.5",".376","7859"
"Kyle Stowers","BAL","34","98","3","11","11","0","5.1%","29.6%",".165",".339",".253",".306",".418",".316",".335","107","-0.9","-0.2","-1.2","0.2","23","15","4","1","5","29","2","0",".724","1.00","25.8%","37.1%","37.1%","4.3%","13.0%","4.3%","39.8%","76.4%","55.4%","45.2%","83.3%","67.6%","42.7%","17.9%","50.0%","29.9%",".266","91.1","16.0","11.3%","110.1",".447","26151"
"Patrick Wisdom","CHC","134","534","25","67","66","8","9.9%","34.3%",".220",".274",".207",".298",".426",".316",".295","104","0.6","3.0","-10.8","1.1","97","44","28","0","53","183","9","4",".725","0.70","17.1%","34.1%","48.8%","15.7%","17.9%","8.2%","30.0%","73.4%","48.0%","48.1%","77.0%","66.4%","41.4%","16.1%","46.0%","30.8%",".188","90.7","21.0","14.2%","112.6",".380","13602"
"Trevor Story","BOS","94","396","16","53","66","13","8.1%","30.8%",".196",".309",".238",".303",".434",".316",".301","100","2.9","3.1","6.9","2.4","85","47","22","0","32","122","3","0",".737","0.79","19.2%","35.6%","45.2%","14.8%","14.8%","11.8%","36.9%","70.1%","49.8%","60.7%","82.1%","72.5%","39.0%","13.7%","40.6%","28.9%",".221","88.9","17.8","11.3%","113.4",".397","12564"
"Ryan Mountcastle","BAL","145","609","22","62","85","4","7.1%","25.3%",".173",".303",".250",".305",".423",".316",".362","106","0.7","5.0","-9.5","1.6","139","88","28","1","43","154","4","1",".729","0.92","22.1%","37.3%","40.7%","5.4%","13.3%","3.9%","41.0%","81.5%","56.3%","62.4%","80.8%","72.4%","37.7%","15.5%","45.8%","25.8%",".277","91.3","15.9","15.0%","112.0",".509","18373"
"Nolan Gorman","STL","89","313","14","44","35","1","8.9%","32.9%",".194",".301",".226",".300",".420",".316",".341","107","-0.1","2.4","-8.0","0.5","64","37","13","0","28","103","2","0",".721","0.55","25.0%","26.7%","48.3%","6.9%","16.1%","4.2%","34.2%","76.7%","50.8%","53.5%","78.9%","68.5%","39.0%","16.0%","43.3%","28.9%",".239","89.2","20.0","14.4%","110.6",".476","22263"
"Rodolfo Castro","PIT","71","278","11","25","27","5","7.9%","26.6%",".194",".284",".233",".299",".427",".315",".280","103","0.3","1.1","-1.7","0.9","59","36","8","4","22","74","2","3",".725","1.44","18.6%","48.0%","33.3%","15.3%","18.6%","7.1%","30.6%","70.0%","47.4%","50.0%","79.8%","68.8%","42.6%","14.8%","35.0%","30.8%",".210","87.3","11.7","6.7%","111.6",".354","21987"
"Maikel Garcia","KCR","9","23","0","1","2","0","4.3%","21.7%",".045",".412",".318",".348",".364",".315",".242","102","-0.2","-0.2","0.0","0.1","7","6","1","0","1","5","0","0",".711","1.80","17.6%","52.9%","29.4%","0.0%","0.0%","11.1%","24.5%","65.0%","41.9%","76.9%","92.3%","87.2%","43.0%","5.4%","29.4%","28.0%",".229","85.9","3.3","0.0%","100.5",".274","22715"
"Cedric Mullins II","BAL","156","672","16","89","64","34","7.0%","18.8%",".145",".299",".258",".318",".403",".315",".288","106","3.3","7.6","3.0","3.4","157","105","32","4","47","126","9","10",".721","0.89","17.7%","38.7%","43.6%","13.5%","7.7%","6.0%","34.2%","71.7%","50.7%","72.3%","86.4%","81.0%","43.8%","9.6%","36.7%","24.3%",".232","88.8","17.4","4.9%","109.4",".349","17929"
"Yadiel Hernandez","WSN","94","327","9","30","41","2","5.8%","22.6%",".141",".326",".269",".312",".410",".315",".310","101","-5.2","-4.7","-7.6","-0.1","82","57","16","0","19","74","1","1",".722","1.86","21.5%","51.1%","27.5%","1.6%","14.1%","4.2%","34.9%","74.4%","51.3%","62.6%","79.2%","72.6%","41.7%","14.0%","42.1%","28.1%",".244","88.8","3.5","8.6%","108.0",".407","19334"
"Austin Barnes","LAD","62","212","8","31","26","2","12.7%","17.5%",".168",".222",".212",".324",".380",".315",".298","104","-2.1","-1.1","7.0","1.4","38","24","6","0","27","37","3","1",".704","0.98","14.8%","42.3%","43.0%","11.5%","13.1%","3.3%","19.8%","67.7%","41.8%","68.1%","89.8%","84.2%","45.9%","6.6%","35.2%","25.5%",".210","87.4","13.6","4.8%","107.8",".329","12158"
"David Peralta","- - -","134","490","12","39","59","1","8.4%","23.3%",".164",".307",".251",".316",".415",".315",".313","104","0.1","2.4","-2.6","1.7","110","65","30","3","41","114","4","3",".731","0.88","22.7%","36.3%","41.1%","14.0%","8.8%","3.3%","35.8%","70.9%","50.3%","59.0%","87.3%","75.5%","41.3%","12.3%","44.1%","27.3%",".249","90.3","15.1","8.5%","113.0",".399","2136"
"Randal Grichuk","COL","141","538","19","60","73","4","4.5%","23.6%",".166",".309",".259",".299",".425",".315",".281","88","-1.2","-9.0","-11.1","-0.2","131","88","21","3","24","127","6","0",".724","1.41","12.9%","50.9%","36.2%","8.0%","13.8%","9.3%","36.9%","71.5%","50.6%","62.1%","88.9%","77.1%","39.6%","11.6%","43.6%","27.3%",".229","90.0","8.7","6.8%","111.6",".370","10243"
"Roberto Perez","PIT","21","69","2","8","8","0","13.0%","36.2%",".133",".364",".233",".333",".367",".315",".308","102","-0.3","-0.1","3.2","0.6","14","10","2","0","9","25","0","0",".700","1.33","20.0%","45.7%","34.3%","0.0%","16.7%","0.0%","29.1%","55.0%","39.9%","48.1%","76.1%","64.2%","41.9%","14.3%","51.4%","34.7%",".212","89.3","5.4","11.4%","109.8",".376","2900"
"Mario Feliciano","MIL","2","5","0","0","0","0","20.0%","20.0%",".000",".333",".250",".400",".250",".315",".452","102","0.0","0.0","0.1","0.0","1","1","0","0","1","1","0","0",".650","1.00","66.7%","33.3%","0.0%","0.0%","0.0%","0.0%","9.1%","61.5%","37.5%","100.0%","75.0%","77.8%","54.2%","8.3%","66.7%","29.2%",".378","98.4","2.4","0.0%","104.0",".527","20263"
"Tyrone Taylor","MIL","120","405","17","49","51","3","5.4%","25.2%",".209",".272",".233",".286",".442",".314",".307","102","1.2","2.1","4.0","2.1","87","46","21","3","22","102","7","2",".729","0.87","17.9%","38.1%","44.0%","9.2%","14.2%","4.8%","36.4%","70.8%","50.9%","59.2%","85.9%","74.9%","42.3%","12.7%","37.6%","28.7%",".236","88.0","16.9","9.9%","109.3",".412","13675"
"Austin Hays","BAL","145","582","16","66","60","2","5.8%","19.6%",".163",".289",".250",".306",".413",".314",".298","105","0.6","3.8","-7.6","1.5","134","81","35","2","34","114","10","4",".719","1.14","19.2%","43.1%","37.7%","17.0%","10.1%","12.6%","39.7%","68.0%","50.9%","64.2%","90.4%","78.1%","39.6%","11.2%","37.7%","27.3%",".240","87.7","11.3","5.2%","109.0",".372","19363"
"Jake Lamb","- - -","41","111","3","13","6","0","9.9%","34.2%",".175",".321",".216",".315",".392",".314",".314","105","-2.3","-1.6","-3.4","-0.1","21","11","6","1","11","38","3","1",".707","0.88","20.3%","37.3%","42.4%","4.0%","12.0%","9.1%","28.1%","64.5%","43.0%","49.3%","82.5%","69.7%","41.1%","13.0%","44.1%","32.5%",".215","91.5","15.0","11.9%","107.4",".390","13329"
"Anthony Rendon","LAA","47","193","5","15","24","2","11.9%","18.1%",".151",".258",".229",".326",".380",".314",".331","103","-0.2","0.4","1.3","0.8","38","23","10","0","23","35","2","0",".706","0.84","22.6%","35.3%","42.1%","8.9%","8.9%","0.0%","23.4%","70.3%","42.3%","68.9%","90.2%","83.2%","40.3%","7.1%","37.6%","24.0%",".241","89.6","18.7","8.3%","107.3",".392","12861"
"Jonathan India","CIN","103","431","10","48","41","3","7.2%","21.8%",".130",".305",".249",".327",".378",".314",".301","95","-1.0","-3.5","-7.2","0.4","96","68","16","2","31","94","14","4",".705","1.14","22.7%","41.2%","36.1%","13.3%","9.5%","9.2%","27.9%","57.8%","41.2%","62.7%","88.8%","79.0%","44.5%","8.7%","28.8%","31.5%",".238","85.1","14.5","4.8%","111.3",".353","21523"
"Connor Joe","COL","111","467","7","56","28","6","11.8%","20.8%",".121",".296",".238",".338",".359",".314",".311","87","-0.3","-7.4","-8.5","0.0","96","65","20","4","55","97","7","2",".697","1.42","20.8%","46.4%","32.8%","9.9%","6.9%","3.5%","25.9%","59.6%","40.4%","65.4%","89.9%","81.0%","43.0%","7.7%","33.8%","29.3%",".241","85.3","10.6","4.5%","110.1",".340","16572"
"Luis Rengifo","LAA","127","511","17","45","52","6","3.3%","15.5%",".166",".285",".264",".294",".429",".314",".296","103","1.4","2.8","-3.6","1.6","129","86","22","4","17","79","4","2",".724","1.35","17.8%","47.2%","35.0%","11.9%","11.9%","5.2%","39.9%","78.6%","55.7%","68.9%","87.7%","79.7%","40.9%","11.3%","33.3%","23.3%",".254","86.9","9.9","5.4%","109.3",".392","19858"
"Nate Eaton","KCR","44","122","1","16","12","11","8.2%","24.6%",".123",".346",".264",".331",".387",".313",".297","101","3.1","3.2","1.2","0.9","28","20","4","3","10","30","2","1",".717","0.78","19.0%","35.4%","45.6%","5.6%","2.8%","10.7%","30.5%","75.4%","48.0%","67.4%","84.4%","77.8%","39.0%","10.6%","27.5%","24.6%",".233","85.8","13.6","5.0%","107.0",".352","25055"
"Bryan De La Cruz","MIA","115","355","13","38","43","4","5.4%","25.4%",".179",".304",".252",".294",".432",".313",".355","104","-1.2","0.4","-7.0","0.6","83","50","20","0","19","90","2","0",".725","1.35","27.6%","41.6%","30.9%","4.0%","17.3%","5.0%","34.4%","73.3%","49.1%","60.6%","84.4%","74.0%","37.8%","12.8%","47.1%","28.6%",".287","90.8","9.8","11.9%","111.2",".498","19600"
"Ramon Urias","BAL","118","445","16","50","51","1","6.7%","22.0%",".166",".287",".248",".305",".414",".313",".320","104","0.0","2.1","8.5","2.6","100","66","17","1","30","98","5","0",".720","1.36","18.1%","47.2%","34.6%","14.0%","15.0%","7.5%","33.8%","72.9%","49.9%","65.2%","81.5%","75.0%","41.1%","12.5%","46.5%","28.3%",".250","89.4","11.0","9.6%","110.0",".420","18795"
"Eric Hosmer","- - -","104","419","8","38","44","0","8.8%","15.3%",".113",".304",".268",".334",".382",".313",".311","104","-5.1","-3.0","-8.2","0.3","102","75","19","0","37","64","1","0",".716","2.25","18.0%","56.8%","25.2%","8.8%","10.0%","6.1%","37.1%","67.6%","48.9%","71.7%","93.4%","83.3%","38.6%","8.2%","39.7%","23.7%",".258","88.4","3.1","5.7%","112.9",".379","3516"
"Ha-seong Kim","SDP","150","582","11","58","59","12","8.8%","17.2%",".132",".290",".251",".325",".383",".313",".309","105","1.9","5.4","10.0","3.7","130","87","29","3","51","100","7","2",".708","1.01","21.2%","39.5%","39.3%","14.5%","6.7%","9.6%","27.5%","62.3%","43.1%","74.3%","88.3%","83.4%","44.8%","7.2%","32.3%","27.6%",".250","86.7","16.1","4.2%","109.4",".368","27506"
"Jesse Winker","SEA","136","547","14","51","53","0","15.4%","18.8%",".125",".251",".219",".344",".344",".313",".345","108","-4.3","1.0","-14.7","0.4","100","71","15","0","84","103","4","0",".688","0.96","20.6%","38.9%","40.6%","17.4%","9.7%","4.3%","22.3%","72.0%","43.2%","64.8%","88.3%","81.3%","42.2%","8.1%","34.3%","23.0%",".249","87.7","16.8","7.6%","110.0",".403","13590"
"Wilmer Flores","SFG","151","602","19","72","71","0","9.8%","17.1%",".166",".246",".229",".316",".394",".312",".310","103","-1.4","0.5","-7.2","1.4","120","72","28","1","59","103","11","0",".710","0.74","19.1%","34.3%","46.6%","12.0%","9.5%","4.8%","30.7%","68.1%","45.6%","71.6%","90.1%","82.6%","39.9%","7.9%","35.2%","26.2%",".233","87.8","20.7","6.3%","108.3",".370","5827"
"Trey Mancini","- - -","143","587","18","56","63","0","9.0%","23.0%",".152",".286",".239",".319",".391",".312",".327","104","-3.0","-0.5","-10.1","0.9","124","82","23","1","53","135","10","0",".710","1.02","21.1%","39.8%","39.1%","9.2%","11.8%","9.0%","33.4%","69.4%","48.1%","59.8%","85.1%","74.7%","40.8%","12.2%","40.1%","28.2%",".245","89.5","12.7","9.5%","111.8",".410","15149"
"Christian Vazquez","- - -","119","426","9","41","52","1","5.2%","16.2%",".126",".310",".274",".315",".399",".312",".301","99","-9.9","-10.2","12.1","1.6","109","77","23","0","22","69","3","4",".714","1.40","22.6%","45.2%","32.2%","11.2%","8.4%","4.0%","35.5%","68.1%","49.2%","77.4%","90.6%","85.1%","41.9%","7.4%","36.4%","24.8%",".262","87.9","10.7","5.1%","109.5",".375","9774"
"Jose Iglesias","COL","118","467","3","48","47","2","3.6%","12.0%",".089",".326",".292",".328",".380",".312",".281","85","-3.3","-11.2","5.1","1.0","128","95","30","0","17","56","8","3",".708","2.03","22.1%","52.2%","25.7%","7.1%","3.0%","12.9%","43.2%","64.6%","51.9%","81.3%","93.7%","87.6%","40.7%","6.4%","27.5%","25.8%",".266","83.8","6.0","0.5%","109.9",".323","10231"
"Luis Guillorme","NYM","102","335","2","33","17","1","10.1%","13.7%",".067",".317",".273",".351",".340",".311",".302","106","-6.1","-3.7","5.2","1.3","81","66","12","1","34","46","2","0",".691","2.89","25.6%","55.3%","19.1%","2.1%","4.3%","3.7%","25.1%","59.1%","40.4%","83.1%","92.6%","89.4%","45.1%","4.3%","24.9%","26.8%",".255","86.2","4.3","2.4%","110.3",".335","16451"
"Luke Voit","- - -","135","568","22","55","69","1","9.7%","31.5%",".176",".298",".226",".308",".402",".311",".322","102","-6.2","-5.0","-12.4","0.2","113","69","22","0","55","179","7","1",".710","0.84","25.7%","33.9%","40.4%","4.5%","16.7%","2.7%","34.4%","80.7%","52.0%","46.1%","76.5%","64.0%","38.0%","18.7%","44.3%","29.0%",".222","89.8","18.4","14.7%","111.3",".434","14811"
"Eduardo Escobar","NYM","136","542","20","58","69","0","7.4%","23.8%",".190",".281",".240",".295",".430",".311",".314","106","3.1","6.9","-3.0","2.3","119","69","26","4","40","129","1","2",".726","0.63","22.8%","29.8%","47.3%","7.4%","11.4%","4.5%","38.1%","74.7%","52.4%","64.3%","84.7%","75.7%","39.0%","12.7%","37.4%","27.2%",".243","88.3","20.6","9.4%","111.5",".427","6153"
"Kyle Garlick","MIN","66","162","9","23","18","0","4.9%","29.6%",".200",".277",".233",".284",".433",".311",".305","104","1.1","1.8","-5.6","0.1","35","23","3","0","8","48","3","0",".717","1.05","22.3%","39.8%","37.9%","15.4%","23.1%","9.8%","36.8%","65.3%","48.7%","51.9%","79.9%","67.6%","41.7%","15.8%","47.6%","32.7%",".227","90.2","15.1","9.7%","110.2",".423","18063"
"Jack Suwinski","PIT","106","372","19","45","38","4","11.0%","30.6%",".209",".242",".202",".298",".411",".311",".307","100","0.6","0.4","3.9","1.8","66","36","11","0","41","114","4","2",".709","1.00","15.5%","42.3%","42.3%","11.1%","21.1%","4.4%","27.4%","63.2%","43.1%","51.2%","84.9%","72.9%","43.9%","11.7%","39.9%","31.2%",".204","88.3","14.3","12.2%","112.4",".393","22244"
"Amed Rosario","CLE","153","670","11","86","71","18","3.7%","16.6%",".121",".326",".283",".312",".403",".311",".310","103","1.5","3.4","-2.2","2.4","180","134","26","9","25","111","4","4",".715","1.92","20.2%","52.5%","27.4%","11.0%","7.6%","8.3%","42.5%","68.4%","53.1%","73.4%","88.4%","81.3%","41.0%","9.9%","38.5%","26.9%",".276","88.4","5.0","4.5%","115.8",".396","15518"
"Bobby Witt Jr.","KCR","150","632","20","82","80","30","4.7%","21.4%",".174",".295",".254",".294",".428",".311",".313","99","6.8","6.3","-4.3","2.3","150","93","31","6","30","135","6","7",".722","0.78","17.4%","36.2%","46.4%","9.8%","9.3%","12.6%","37.3%","73.1%","51.8%","66.8%","85.6%","77.6%","40.7%","11.6%","38.6%","27.4%",".252","89.7","16.8","8.7%","113.7",".427","25764"
"Wil Myers","SDP","77","286","7","29","41","2","7.3%","30.1%",".138",".357",".261",".315",".398",".311",".288","104","1.2","2.4","-2.2","1.0","68","46","15","0","21","86","1","1",".713","1.06","21.6%","40.3%","38.1%","11.9%","10.4%","11.3%","32.2%","63.2%","45.2%","58.1%","78.8%","70.2%","41.9%","13.4%","37.6%","31.9%",".225","88.5","13.0","7.3%","109.4",".373","10047"
"Matt Wallner","MIN","18","65","2","4","10","1","9.2%","38.5%",".158",".367",".228",".323",".386",".311",".245","104","0.4","0.7","-2.1","0.1","13","8","3","0","6","25","2","0",".709","1.89","18.8%","53.1%","28.1%","22.2%","22.2%","17.6%","28.4%","70.5%","44.0%","56.5%","65.7%","61.9%","37.0%","16.7%","53.1%","31.5%",".175","87.5","12.9","9.4%","113.8",".265","26466"
"MJ Melendez","KCR","129","534","18","57","62","2","12.4%","24.5%",".176",".258",".217",".313",".393",".310",".332","99","-0.3","-1.1","-17.5","-0.2","100","58","21","3","66","131","1","3",".706","0.96","20.2%","39.0%","40.8%","8.0%","13.1%","5.3%","27.8%","68.7%","44.6%","62.7%","81.3%","74.5%","41.1%","11.4%","43.5%","28.0%",".237","90.7","15.1","10.4%","110.8",".410","22197"
"Elvis Andrus","- - -","149","577","17","66","58","18","6.8%","15.9%",".155",".272",".249",".303",".404",".310",".293","105","6.0","9.3","6.1","3.5","133","84","32","0","39","92","3","4",".707","1.28","17.3%","46.5%","36.2%","13.2%","10.7%","3.4%","32.8%","63.0%","45.4%","69.6%","88.7%","80.6%","41.7%","8.8%","34.5%","27.4%",".245","87.9","11.9","4.5%","109.9",".360","8709"
"Alec Bohm","PHI","152","631","13","79","72","2","4.9%","17.4%",".118",".319",".280",".315",".398",".310",".333","98","-0.5","-2.2","-4.9","1.5","164","124","24","3","31","110","4","3",".713","1.51","23.5%","46.1%","30.5%","11.5%","8.8%","8.0%","35.4%","73.8%","51.2%","72.7%","87.1%","81.2%","41.1%","9.6%","43.0%","24.1%",".290","90.2","10.4","6.8%","110.8",".436","21618"
"Joey Votto","CIN","91","376","11","31","41","0","11.7%","25.8%",".165",".257",".205",".319",".370",".310",".322","92","-4.1","-7.6","-13.3","-0.9","66","36","18","1","44","97","10","0",".689","1.19","18.2%","44.4%","37.3%","7.1%","13.1%","2.0%","28.8%","71.3%","46.5%","60.9%","79.9%","73.0%","41.7%","12.6%","40.9%","26.6%",".218","89.7","14.2","11.1%","111.9",".390","4314"
"Jeremy Pena","HOU","136","558","22","72","63","11","3.9%","24.2%",".173",".298",".253",".289",".426",".309",".300","102","3.7","4.8","10.0","3.4","132","88","20","2","22","135","6","2",".715","1.41","20.7%","46.4%","32.9%","10.2%","17.3%","11.2%","41.0%","76.6%","54.7%","52.7%","87.3%","71.4%","38.5%","15.7%","36.2%","28.6%",".248","88.1","8.7","9.6%","110.5",".397","21636"
"Andrew McCutchen","MIL","134","580","17","66","69","8","9.8%","21.4%",".148",".278",".237",".316",".384",".309",".325","98","-4.1","-5.3","-11.3","0.3","122","80","25","0","57","124","4","6",".700","1.11","20.8%","41.8%","37.5%","11.5%","11.5%","7.9%","24.9%","71.6%","44.9%","59.8%","85.8%","77.6%","42.9%","10.1%","40.0%","26.4%",".252","89.1","13.2","8.6%","110.6",".406","9847"
"Kyle Farmer","CIN","145","583","14","58","78","4","5.7%","17.0%",".131",".286",".255",".315",".386",".309",".311","92","-4.6","-10.3","4.2","1.4","134","94","25","1","33","99","16","3",".701","1.42","23.6%","44.8%","31.6%","10.9%","10.2%","4.6%","38.8%","66.3%","50.2%","70.1%","91.7%","81.9%","41.4%","9.1%","33.6%","26.3%",".258","85.5","12.7","4.4%","106.6",".380","14813"
"Trevor Larnach","MIN","51","180","5","22","18","0","10.0%","31.7%",".175",".320",".231",".306",".406",".309",".322","102","0.6","1.0","3.7","1.1","37","19","13","0","18","57","0","0",".712","1.07","19.0%","41.9%","39.0%","2.4%","12.2%","0.0%","26.3%","63.4%","41.4%","38.9%","77.0%","62.7%","40.7%","15.5%","43.8%","35.1%",".227","90.1","13.1","11.4%","112.4",".442","21501"
"Mitch Garver","TEX","54","215","10","23","24","1","10.7%","24.7%",".197",".228",".207",".298",".404",".308",".319","101","0.4","0.5","-4.4","0.3","39","22","7","0","23","53","2","1",".702","0.70","16.8%","34.3%","48.9%","11.9%","14.9%","14.9%","27.1%","62.4%","42.2%","68.5%","82.9%","77.6%","42.8%","9.4%","38.7%","29.4%",".222","88.9","18.4","8.8%","111.4",".405","15161"
"Manuel Margot","TBR","89","363","4","36","47","7","6.6%","18.7%",".101",".332",".274",".325",".375",".308",".299","106","2.3","4.6","-2.0","1.5","92","68","18","2","24","68","2","3",".700","1.39","23.0%","44.8%","32.2%","17.9%","4.8%","9.4%","36.9%","75.0%","52.1%","64.8%","87.6%","77.9%","39.9%","11.5%","37.9%","24.9%",".264","89.5","10.2","3.7%","110.4",".357","14712"
"Carlos Santana","- - -","131","506","19","52","60","0","14.0%","17.4%",".174",".209",".202",".316",".376",".308",".352","102","1.0","2.0","-8.3","1.0","87","50","18","0","71","88","2","0",".692","0.89","16.9%","39.2%","43.9%","15.2%","12.6%","6.7%","25.7%","66.6%","42.6%","70.4%","85.9%","80.5%","41.3%","8.3%","44.9%","26.0%",".253","90.7","15.4","9.3%","111.3",".438","2396"
"Nick Fortes","MIA","72","240","9","41","24","5","7.5%","18.8%",".161",".252",".230",".304",".392",".308",".319","100","0.0","0.0","5.1","1.4","50","34","6","1","18","45","5","3",".696","0.95","17.4%","40.1%","42.4%","13.7%","12.3%","4.3%","29.7%","65.9%","44.7%","63.5%","89.2%","79.2%","41.4%","9.3%","37.8%","26.6%",".249","89.3","15.4","7.0%","108.4",".398","21538"
"Gavin Sheets","CHW","124","410","15","34","53","0","6.6%","21.0%",".170",".272",".241",".295",".411",".308",".283","100","-2.6","-2.7","-9.2","0.1","91","57","19","0","27","86","3","0",".706","0.90","15.0%","40.3%","44.7%","12.2%","11.5%","8.5%","37.1%","63.5%","47.7%","72.1%","87.6%","80.4%","40.3%","9.4%","36.1%","27.0%",".224","88.6","14.8","6.5%","109.7",".359","19901"
"Lane Thomas","WSN","146","548","17","62","52","8","7.5%","24.1%",".163",".291",".241",".301",".404",".308",".286","96","-0.6","-3.0","-4.9","1.1","120","75","26","2","41","132","4","4",".705","1.19","17.3%","45.0%","37.7%","18.6%","12.1%","10.2%","29.5%","63.3%","44.1%","68.7%","89.0%","81.3%","43.0%","8.3%","34.0%","28.7%",".222","86.4","12.5","6.5%","110.1",".357","16939"
"Ben Gamel","PIT","115","423","9","42","46","5","11.3%","23.2%",".137",".291",".232",".324",".369",".308",".316","97","1.4","0.0","-14.1","0.0","86","55","20","2","48","98","3","1",".693","1.24","21.9%","43.3%","34.8%","5.3%","9.6%","2.6%","27.6%","65.6%","42.8%","58.7%","89.8%","77.8%","40.1%","9.5%","37.2%","26.6%",".244","88.8","11.3","6.2%","109.2",".372","12160"
"Tyler O'Neill","STL","96","383","14","56","58","14","9.9%","26.9%",".165",".277",".228",".308",".392",".307",".331","101","1.4","1.9","-2.5","1.3","76","50","11","1","38","103","4","4",".700","1.11","20.2%","42.0%","37.8%","11.1%","15.6%","10.0%","29.6%","70.1%","46.3%","56.1%","82.4%","72.5%","41.2%","12.7%","43.3%","28.8%",".240","89.8","13.6","11.3%","110.3",".423","15711"
"Austin Meadows","DET","36","147","0","9","11","0","10.9%","11.6%",".078",".288",".250",".347",".328",".307",".380","101","-1.2","-1.0","-5.8","-0.2","32","24","6","2","16","17","3","1",".675","0.84","18.9%","36.9%","44.1%","10.2%","0.0%","2.4%","24.7%","64.5%","41.0%","79.1%","94.2%","88.8%","41.0%","4.6%","39.6%","23.7%",".308","87.8","17.2","6.3%","108.2",".460","15672"
"Logan O'Hoppe","LAA","5","16","0","1","2","0","12.5%","18.8%",".000",".364",".286",".375",".286",".307",".285","98","-0.6","-0.7","0.1","0.0","4","4","0","0","2","3","0","0",".661","0.80","18.2%","36.4%","45.5%","20.0%","0.0%","0.0%","32.4%","73.1%","50.0%","54.5%","73.7%","66.7%","43.3%","16.7%","9.1%","26.7%",".232","84.3","24.6","0.0%","101.2",".292","24729"
"Mike Yastrzemski","SFG","148","558","17","73","57","5","10.9%","25.3%",".177",".261",".214",".305",".392",".307",".314","99","2.6","1.8","0.4","2.2","104","54","31","2","61","141","5","1",".697","0.74","19.4%","34.4%","46.2%","9.4%","10.6%","5.9%","25.4%","64.0%","42.2%","61.6%","88.5%","79.4%","43.6%","8.7%","42.5%","27.4%",".220","89.9","19.9","11.1%","109.7",".392","14854"
"P.J. Higgins","CHC","74","229","6","23","30","0","9.6%","25.3%",".154",".290",".229",".310",".383",".306",".264","97","-1.2","-2.0","-4.3","0.1","46","28","11","1","22","58","2","0",".693","1.28","24.1%","42.6%","33.3%","4.3%","12.8%","6.7%","28.2%","64.9%","42.8%","58.7%","86.9%","75.8%","39.9%","10.4%","25.2%","29.6%",".205","86.0","8.7","3.4%","104.3",".287","18433"
"Dylan Carlson","STL","128","488","8","56","42","5","9.2%","19.3%",".144",".281",".236",".316",".380",".306",".301","100","3.8","4.0","2.6","2.4","102","60","30","4","45","94","7","2",".695","1.14","20.7%","42.3%","37.0%","6.4%","6.4%","5.6%","27.8%","71.4%","46.0%","64.8%","84.0%","77.2%","41.8%","10.5%","27.2%","26.8%",".234","86.1","12.9","4.4%","109.2",".355","20126"
"Emmanuel Rivera","- - -","102","359","12","46","40","1","6.4%","23.1%",".176",".275",".233",".292",".409",".306",".310","95","-0.9","-2.7","0.7","1.0","77","46","16","3","23","83","5","2",".702","1.39","16.1%","48.8%","35.1%","6.9%","13.8%","4.1%","31.7%","76.2%","50.1%","57.7%","87.5%","76.5%","41.3%","11.8%","38.3%","27.2%",".238","90.4","9.8","9.3%","110.9",".410","19890"
"Brandon Lowe","TBR","65","266","8","31","25","1","10.2%","22.9%",".162",".263",".221",".308",".383",".306",".320","104","2.0","3.3","-3.2","0.9","52","32","10","2","27","61","3","0",".691","0.92","20.7%","37.9%","41.4%","9.7%","11.1%","1.5%","34.3%","79.0%","53.1%","49.2%","78.4%","67.5%","42.1%","17.2%","38.9%","27.5%",".237","89.4","16.6","10.3%","112.2",".401","18882"
"Jace Peterson","MIL","113","328","8","44","34","12","10.1%","25.9%",".146",".303",".236",".316",".382",".306",".303","96","5.2","3.7","6.4","2.2","68","44","14","2","33","85","2","1",".698","1.42","23.0%","45.1%","31.9%","4.6%","12.3%","5.4%","26.4%","58.0%","40.4%","55.2%","88.2%","76.1%","44.1%","9.6%","36.1%","32.2%",".235","88.6","9.7","7.2%","108.8",".366","12325"
"J.P. Crawford","SEA","145","603","6","57","42","3","11.3%","13.3%",".093",".275",".243",".339",".336",".306",".315","104","-1.0","1.4","-1.5","2.0","126","93","24","3","68","80","10","2",".675","1.44","23.4%","45.2%","31.4%","15.2%","4.3%","6.5%","24.3%","63.0%","41.0%","77.1%","92.6%","87.4%","43.2%","5.2%","29.2%","23.9%",".255","85.1","8.9","2.0%","109.3",".337","15491"
"Jonah Heim","TEX","127","450","16","51","48","2","9.1%","19.3%",".172",".249",".227",".298",".399",".306",".291","99","-1.8","-2.5","15.1","2.8","92","55","20","1","41","87","1","0",".697","0.90","17.5%","39.1%","43.4%","14.4%","11.5%","4.0%","32.9%","75.5%","50.6%","69.2%","88.0%","80.9%","41.6%","9.7%","39.6%","23.5%",".224","89.3","16.9","6.9%","112.4",".361","16930"
"Abraham Almonte","BOS","15","37","1","7","2","1","2.7%","32.4%",".143",".364",".257",".297",".400",".306",".234","93","0.7","0.4","-2.2","-0.1","9","6","2","0","1","12","1","0",".697","0.90","17.4%","39.1%","43.5%","10.0%","10.0%","22.2%","23.5%","58.2%","38.8%","55.0%","82.1%","72.9%","44.1%","10.5%","30.4%","36.8%",".184","88.1","14.6","4.3%","110.7",".295","5486"
"Santiago Espinal","TOR","135","491","7","51","51","6","7.3%","13.8%",".102",".300",".267",".322",".370",".305",".298","99","-1.5","-1.9","8.2","2.3","120","88","25","0","36","68","2","6",".692","1.26","23.0%","42.9%","34.0%","12.3%","5.4%","6.1%","29.6%","68.2%","45.9%","76.4%","91.3%","85.7%","42.3%","6.5%","31.4%","24.4%",".263","86.1","14.1","3.4%","107.5",".348","19997"
"Jackson Frazier","CHC","19","45","0","4","1","1","15.6%","24.4%",".081",".308",".216",".356",".297",".305",".300","97","0.0","-0.1","-2.2","-0.1","8","5","3","0","7","11","1","0",".653","1.50","20.0%","48.0%","32.0%","25.0%","0.0%","0.0%","20.6%","71.4%","41.9%","45.0%","84.0%","72.9%","41.9%","11.3%","30.8%","26.8%",".203","85.9","18.0","3.8%","107.6",".292","15983"
"Josh Harrison","CHW","119","425","7","50","27","2","4.9%","16.7%",".114",".297",".256",".317",".370",".305",".284","98","-1.6","-2.8","2.6","1.4","99","71","19","2","21","71","14","1",".687","1.13","17.4%","43.8%","38.8%","8.1%","5.7%","3.6%","39.4%","74.4%","54.5%","71.7%","87.8%","81.2%","43.2%","10.2%","32.3%","23.9%",".233","87.4","14.7","3.8%","106.0",".335","8202"
"Jorge Soler","MIA","72","306","13","32","34","0","10.1%","29.4%",".193",".256",".207",".295",".400",".305",".322","98","-0.8","-1.4","-3.6","0.5","56","30","13","0","31","90","3","2",".695","1.04","17.7%","42.0%","40.3%","11.0%","17.8%","3.9%","29.4%","70.9%","46.0%","55.6%","80.9%","71.2%","39.9%","13.2%","43.4%","28.1%",".226","91.2","13.7","12.1%","117.6",".421","14221"
"Rafael Ortega","CHC","118","371","7","35","35","12","11.9%","19.9%",".117",".285",".241",".331",".358",".305",".307","96","-3.5","-5.2","-1.1","0.7","76","54","14","1","44","74","2","7",".688","0.75","21.5%","33.6%","44.9%","9.0%","6.3%","2.4%","28.9%","69.0%","44.8%","69.7%","89.2%","81.6%","39.7%","8.2%","33.5%","24.5%",".241","87.2","17.1","4.8%","108.4",".346","10323"
"Ozzie Albies","ATL","64","269","8","36","35","3","5.9%","17.5%",".162",".270",".247",".294",".409",".305",".297","93","1.5","-0.7","2.5","1.1","61","37","16","0","16","47","2","5",".703","0.86","18.1%","37.7%","44.1%","8.9%","8.9%","9.1%","45.2%","83.1%","58.1%","70.6%","86.3%","78.2%","34.1%","12.7%","26.5%","21.9%",".239","87.1","16.9","5.4%","106.6",".387","16556"
"Franchy Cordero","BOS","84","275","8","36","29","4","10.2%","33.5%",".178",".313",".219",".300",".397",".304",".313","92","2.6","0.2","-10.9","-0.2","53","27","17","1","28","92","1","1",".697","1.00","22.7%","38.7%","38.7%","3.4%","13.8%","5.2%","33.2%","71.6%","48.6%","49.3%","77.6%","66.0%","40.1%","16.5%","45.5%","31.1%",".228","89.7","12.7","12.3%","117.9",".402","14567"
"Nick Castellanos","PHI","136","558","13","56","62","7","5.2%","23.3%",".126",".326",".263",".305",".389",".304",".302","94","-2.8","-6.8","-19.0","-0.7","138","98","27","0","29","130","3","1",".694","1.10","19.9%","41.9%","38.1%","10.6%","8.6%","7.8%","43.6%","77.9%","57.0%","54.8%","83.5%","70.2%","39.2%","17.0%","34.6%","28.0%",".250","87.5","14.6","6.6%","110.1",".395","11737"
"Tommy Pham","- - -","144","622","17","89","63","8","9.0%","26.8%",".137",".304",".236",".312",".374",".304",".311","89","1.9","-5.7","-8.9","0.6","131","90","23","1","56","167","7","3",".686","1.42","18.4%","48.0%","33.7%","7.6%","12.9%","6.9%","25.5%","62.8%","42.0%","55.7%","87.3%","76.6%","44.1%","9.8%","48.2%","30.6%",".238","92.2","7.7","7.9%","112.6",".383","2967"
"Tyler Naquin","- - -","105","334","11","47","46","4","5.7%","27.8%",".194",".291",".229",".282",".423",".303",".317","93","2.3","-0.5","-7.7","0.3","71","37","19","4","19","93","4","2",".705","0.98","21.1%","39.0%","39.9%","11.8%","12.9%","4.8%","42.0%","81.1%","57.7%","64.6%","78.4%","72.4%","40.3%","15.9%","40.8%","26.4%",".247","90.3","14.4","9.6%","112.7",".433","13359"
"Terrin Vavra","BAL","40","103","1","14","12","0","11.7%","18.4%",".079",".310",".258",".340",".337",".303",".318","97","-1.7","-2.0","-1.0","0.0","23","19","2","1","12","19","0","1",".677","1.27","28.6%","40.0%","31.4%","4.5%","4.5%","10.7%","29.2%","76.8%","49.6%","65.6%","85.7%","78.9%","42.8%","10.4%","23.6%","25.6%",".264","87.5","10.7","1.4%","104.5",".353","24400"
"Brandon Belt","SFG","78","298","8","25","23","1","12.4%","27.2%",".138",".277",".213",".326",".350",".303",".326","96","-1.0","-2.3","-7.5","0.0","54","36","9","1","37","81","6","0",".676","0.55","22.6%","27.4%","50.0%","6.0%","9.5%","4.3%","24.9%","77.9%","46.4%","54.2%","79.3%","71.3%","40.5%","13.3%","38.5%","26.5%",".215","88.4","23.4","12.6%","108.3",".412","10264"
"Luis Garcia","WSN","93","377","7","29","45","3","2.9%","22.3%",".133",".337",".275",".295",".408",".303",".305","93","-2.5","-5.6","-6.7","0.0","99","67","23","2","11","84","1","4",".704","1.93","22.2%","51.3%","26.5%","5.4%","9.5%","4.2%","43.7%","68.0%","53.3%","66.3%","83.1%","74.8%","39.5%","13.5%","36.7%","31.1%",".260","87.3","5.5","7.5%","113.4",".409","20391"
"Pedro Severino","MIL","8","21","0","0","1","0","14.3%","33.3%",".111",".364",".222",".333",".333",".303",".227","94","0.1","-0.1","0.0","0.1","4","2","2","0","3","7","0","0",".667","1.00","27.3%","36.4%","36.4%","25.0%","0.0%","0.0%","30.8%","69.8%","48.4%","62.5%","80.0%","73.9%","45.3%","12.6%","18.2%","28.4%",".150","86.7","16.3","0.0%","107.5",".198","14523"
"Riley Greene","DET","93","418","5","46","42","1","8.6%","28.7%",".109",".354",".253",".321",".362",".303",".316","98","-0.1","-1.1","-3.6","0.9","95","68","18","4","36","120","3","4",".682","2.34","20.1%","56.0%","23.9%","1.6%","8.1%","6.2%","31.2%","65.4%","45.3%","65.3%","87.1%","78.3%","41.3%","9.8%","45.2%","28.1%",".246","89.5","2.8","9.3%","112.1",".388","25976"
"Corey Dickerson","STL","97","297","6","28","36","0","4.0%","16.2%",".132",".301",".267",".300",".399",".303",".292","98","-0.4","-1.2","-4.6","0.4","75","51","17","1","12","48","2","0",".698","1.40","21.3%","46.0%","32.8%","13.0%","7.8%","6.5%","45.1%","77.6%","58.4%","72.0%","85.4%","79.3%","40.8%","12.1%","32.3%","23.5%",".263","87.7","10.6","3.8%","112.1",".371","10762"
"Elehuris Montero","COL","53","185","6","21","20","0","4.3%","32.4%",".199",".318",".233",".270",".432",".303",".260","79","0.3","-4.2","-0.2","0.2","41","19","15","1","8","60","1","0",".702","0.90","21.6%","37.1%","41.4%","6.3%","12.5%","7.0%","39.5%","71.2%","52.2%","49.1%","81.3%","66.8%","40.2%","17.4%","39.7%","34.0%",".213","89.8","13.2","8.6%","109.5",".338","20543"
"Kevin Newman","PIT","78","309","2","31","24","8","5.2%","15.5%",".097",".322",".274",".316",".372",".303",".285","94","3.0","0.7","1.3","1.3","79","57","18","2","16","48","2","2",".687","1.36","25.9%","42.7%","31.4%","14.7%","2.7%","6.9%","35.9%","64.9%","47.9%","77.6%","93.1%","86.3%","41.2%","6.6%","27.2%","25.7%",".260","85.6","13.3","1.6%","108.2",".332","17696"
"Esteban Quiroz","CHC","14","47","0","3","3","1","8.5%","19.1%",".000",".355",".275",".370",".275",".303",".290","95","0.2","-0.1","0.5","0.2","11","11","0","0","4","9","2","1",".645","1.63","30.0%","43.3%","26.7%","25.0%","0.0%","7.7%","31.2%","56.6%","41.6%","67.6%","83.7%","76.6%","41.1%","9.7%","28.1%","32.4%",".226","81.6","11.3","3.1%","101.9",".297","19780"
"Nick Ahmed","ARI","17","54","3","7","7","0","3.7%","27.8%",".212",".265",".231",".259",".442",".302",".227","92","0.1","-0.4","2.0","0.4","12","7","2","0","2","15","0","1",".702","1.91","11.1%","58.3%","30.6%","0.0%","27.3%","0.0%","33.3%","69.1%","49.8%","50.0%","91.0%","76.2%","46.0%","11.8%","32.4%","29.4%",".191","86.9","4.4","5.4%","104.9",".292","12147"
"Michael Massey","KCR","52","194","4","16","17","3","4.6%","23.7%",".133",".304",".243",".307",".376",".302",".332","93","1.4","-0.2","-0.6","0.6","42","28","9","1","9","46","8","0",".683","0.80","20.2%","35.5%","44.4%","7.3%","7.3%","4.5%","38.6%","72.8%","53.4%","65.0%","78.9%","73.2%","43.4%","14.3%","37.4%","27.4%",".243","89.3","16.4","13.0%","108.8",".450","27684"
"Luis Gonzalez","SFG","98","350","4","31","36","10","8.6%","21.4%",".106",".316",".254",".323",".360",".302",".268","95","0.6","-1.3","-7.9","0.3","79","56","17","2","30","75","4","2",".683","1.22","17.1%","45.6%","37.3%","7.1%","4.7%","8.7%","28.3%","68.0%","46.1%","61.5%","87.0%","78.3%","44.6%","10.0%","32.0%","26.2%",".215","86.9","10.9","2.9%","109.7",".306","20332"
"Cavan Biggio","TOR","97","303","6","43","24","2","12.5%","28.1%",".148",".275",".202",".318",".350",".302",".288","97","2.2","1.0","2.1","1.3","52","27","18","1","38","85","6","0",".668","0.81","20.9%","35.5%","43.6%","2.7%","8.0%","3.3%","20.7%","64.7%","40.0%","55.7%","84.3%","76.0%","43.9%","9.6%","32.8%","29.9%",".193","87.9","19.6","6.9%","107.6",".319","19252"
"Ildemaro Vargas","- - -","63","222","4","19","23","3","3.6%","10.4%",".129",".279",".263",".299",".392",".302",".255","92","0.5","-1.5","7.1","1.4","55","37","13","1","8","23","3","1",".691","1.52","20.2%","48.1%","31.7%","3.4%","6.9%","9.1%","31.8%","65.5%","46.6%","82.4%","93.4%","89.2%","43.8%","5.0%","29.3%","24.3%",".227","87.0","7.4","2.1%","109.2",".305","13324"
"Josh Donaldson","NYY","132","546","15","59","62","2","9.9%","27.1%",".153",".283",".222",".308",".374",".302",".299","97","-4.5","-6.6","4.5","1.6","106","63","28","0","54","148","8","2",".682","1.12","18.2%","43.2%","38.7%","8.5%","11.5%","7.6%","32.7%","69.1%","47.3%","58.9%","75.5%","68.6%","40.1%","14.8%","43.2%","30.8%",".215","90.7","12.0","9.8%","111.7",".370","5038"
"Yermin Mercedes","SFG","31","83","1","9","8","0","10.8%","20.5%",".110",".291",".233",".325",".342",".301",".329","95","0.0","-0.5","-4.1","-0.2","17","11","5","0","9","17","1","0",".668","0.50","25.0%","25.0%","50.0%","10.7%","3.6%","7.1%","38.7%","66.9%","49.6%","71.4%","84.6%","78.3%","38.5%","10.8%","28.6%","26.1%",".253","87.5","25.3","7.1%","111.7",".392","17423"
"Aledmys Diaz","HOU","92","327","12","35","38","1","5.5%","16.2%",".161",".256",".243",".287",".403",".301",".308","96","-3.8","-5.3","0.3","0.6","74","49","13","0","18","53","2","1",".691","1.09","22.5%","40.3%","37.2%","16.0%","12.8%","8.8%","36.5%","75.5%","52.4%","69.3%","86.0%","79.1%","40.9%","11.0%","36.6%","23.6%",".261","86.6","12.4","6.3%","112.0",".396","15937"
"Christian Bethancourt","- - -","101","333","11","39","34","5","3.6%","24.0%",".157",".304",".252",".283",".409",".301",".318","101","-1.0","-0.8","7.9","1.9","80","52","17","0","12","80","2","1",".692","1.29","19.5%","45.3%","35.2%","10.8%","13.3%","10.3%","47.4%","82.4%","62.1%","55.9%","77.5%","68.0%","42.0%","19.9%","44.4%","29.3%",".255","90.1","9.4","11.7%","113.4",".449","10028"
"Colin Moran","CIN","42","128","5","11","23","0","12.5%","23.4%",".165",".234",".211",".305",".376",".300",".318","86","-0.9","-3.1","-0.8","0.0","23","15","3","0","16","30","0","0",".681","1.64","19.5%","50.0%","30.5%","0.0%","20.0%","2.4%","36.1%","72.5%","49.8%","62.2%","84.8%","74.6%","37.7%","12.6%","39.0%","25.3%",".233","90.4","10.3","8.5%","110.4",".383","16909"
"Taylor Trammell","SEA","43","117","4","15","10","2","11.1%","28.2%",".206",".242",".196",".284",".402",".300",".292","99","-0.5","-0.6","0.4","0.4","20","7","9","0","13","33","0","1",".686","0.81","18.8%","36.2%","44.9%","19.4%","12.9%","12.0%","28.0%","72.8%","47.2%","40.6%","79.9%","66.5%","42.8%","15.8%","28.2%","30.9%",".206","88.3","20.5","9.9%","112.3",".357","19960"
"Keibert Ruiz","WSN","112","433","7","33","36","6","6.9%","11.5%",".109",".271",".251",".313",".360",".299",".328","90","-0.2","-5.2","7.0","1.7","99","70","22","0","30","50","6","1",".673","1.09","22.8%","40.2%","37.0%","10.9%","5.5%","5.0%","36.6%","72.2%","50.9%","78.3%","92.4%","86.3%","40.2%","7.0%","32.3%","21.2%",".277","88.0","14.9","3.7%","109.4",".403","19610"
"Max Kepler","MIN","115","446","9","54","43","3","11.0%","14.8%",".121",".249",".227",".318",".348",".298",".338","95","0.8","-1.8","6.7","2.0","88","60","18","1","49","66","5","2",".666","1.33","19.9%","45.7%","34.4%","9.8%","8.0%","6.7%","27.4%","71.7%","46.0%","66.3%","90.9%","82.4%","41.8%","8.1%","39.9%","22.9%",".266","89.1","11.1","7.1%","113.9",".412","12144"
"Jon Berti","MIA","102","404","4","47","28","41","10.4%","22.0%",".098",".308",".240",".324",".338",".298",".306","93","8.0","4.9","3.7","2.3","86","62","17","3","42","89","3","5",".662","1.74","16.7%","53.0%","30.4%","3.7%","4.9%","13.3%","26.3%","67.7%","44.4%","60.5%","87.5%","78.5%","43.6%","9.6%","36.7%","27.6%",".236","88.0","4.7","5.9%","109.1",".358","12037"
"Chris Taylor","LAD","118","454","10","45","43","10","9.7%","35.2%",".152",".336",".221",".304",".373",".298",".277","93","3.4","-0.4","3.6","1.9","89","51","25","3","44","160","5","1",".677","0.73","26.4%","31.0%","42.6%","8.7%","9.7%","5.3%","27.3%","78.3%","49.9%","39.2%","72.2%","62.1%","44.3%","18.9%","38.0%","31.4%",".195","87.4","20.4","10.2%","108.5",".340","13757"
"Jesus Sanchez","MIA","98","343","13","38","36","1","7.6%","26.8%",".188",".258",".214",".280",".403",".298",".298","93","-1.5","-4.1","1.1","0.9","67","37","14","3","26","92","3","0",".682","1.27","16.7%","46.6%","36.7%","12.3%","16.0%","1.9%","36.2%","66.7%","47.8%","59.3%","85.3%","73.1%","38.0%","12.9%","40.5%","28.3%",".226","89.5","11.0","9.9%","114.7",".383","19913"
"Marcell Ozuna","ATL","124","507","23","56","56","2","6.1%","24.1%",".187",".252",".226",".274",".413",".298",".337","88","-2.6","-9.4","-13.0","-0.6","106","64","19","0","31","122","2","1",".687","0.87","18.8%","37.8%","43.5%","11.8%","15.0%","3.8%","36.1%","69.9%","49.4%","58.2%","84.9%","73.1%","39.3%","13.3%","43.8%","28.9%",".256","89.4","16.5","13.1%","113.9",".478","10324"
"LaMonte Wade Jr.","SFG","77","251","8","29","26","1","10.4%","20.3%",".152",".233",".207",".305",".359",".298",".321","93","0.8","-1.4","-4.7","0.2","45","29","7","1","26","51","5","0",".665","0.64","18.6%","31.7%","49.7%","14.5%","9.6%","1.9%","27.3%","68.7%","44.2%","70.8%","90.6%","83.3%","40.6%","7.4%","33.7%","25.2%",".221","87.7","21.1","9.5%","109.3",".407","18126"
"Hunter Dozier","KCR","129","500","12","51","41","4","6.8%","25.0%",".152",".298",".236",".292",".387",".298",".301","90","-8.4","-14.1","-11.0","-1.0","109","67","26","4","34","125","3","3",".679","1.14","20.5%","42.4%","37.1%","12.8%","9.6%","8.4%","36.3%","72.9%","50.5%","52.2%","88.0%","72.3%","38.9%","14.0%","38.2%","27.8%",".241","88.5","13.1","7.7%","110.7",".387","15117"
"Austin Wynns","SFG","66","177","3","14","21","0","5.6%","21.5%",".099",".320",".259",".313",".358",".298",".267","92","-2.5","-4.0","1.8","0.4","42","32","7","0","10","38","3","0",".671","1.45","21.6%","46.4%","32.0%","7.5%","7.5%","6.9%","32.7%","56.9%","43.4%","64.1%","89.3%","78.7%","44.2%","9.2%","27.0%","33.7%",".223","84.1","10.4","4.0%","106.4",".318","15271"
"A.J. Pollock","CHW","138","527","14","61","56","3","6.1%","18.6%",".143",".278",".245",".292",".389",".297",".317","92","-1.5","-6.0","-5.6","0.5","120","79","26","1","32","98","2","1",".681","1.26","19.0%","45.2%","35.8%","17.7%","9.9%","5.1%","37.9%","76.1%","53.6%","63.6%","88.2%","78.0%","41.2%","11.8%","42.0%","24.6%",".258","88.8","11.8","9.4%","110.8",".419","9256"
"Nomar Mazara","SDP","55","171","2","16","18","0","5.8%","23.4%",".088",".342",".264",".316",".352",".297",".294","94","0.0","-1.1","-3.1","0.2","42","32","8","0","10","40","2","0",".668","0.93","25.2%","36.1%","38.7%","10.9%","4.3%","4.7%","32.5%","66.4%","46.5%","66.2%","82.7%","75.9%","41.3%","11.2%","32.8%","28.4%",".250","86.1","17.6","4.2%","110.4",".357","14553"
"Michael A. Taylor","KCR","124","456","9","49","43","4","7.7%","23.9%",".104",".321",".254",".313",".357",".297",".289","90","0.6","-4.8","5.0","1.5","105","83","10","3","35","109","2","2",".670","0.98","17.6%","40.9%","41.5%","11.2%","7.2%","14.6%","35.2%","73.9%","50.7%","56.0%","84.7%","72.8%","40.2%","13.8%","32.3%","28.0%",".223","86.3","12.1","6.8%","109.4",".358","11489"
"Nolan Jones","CLE","28","94","2","10","13","0","8.5%","33.0%",".128",".358",".244",".309",".372",".297",".325","93","-0.8","-1.6","0.1","0.2","21","14","5","0","8","31","0","0",".681","1.00","29.6%","35.2%","35.2%","5.3%","10.5%","10.5%","26.8%","62.4%","43.4%","70.2%","71.6%","71.1%","46.6%","12.5%","49.1%","32.6%",".254","89.3","15.9","14.5%","111.8",".436","20529"
"Leody Taveras","TEX","99","341","5","39","34","11","6.2%","25.8%",".105",".344",".261",".309",".366",".297",".270","93","2.2","-0.6","1.6","1.2","82","61","14","2","21","88","2","5",".675","1.18","21.6%","42.3%","36.0%","15.0%","6.3%","6.4%","33.4%","68.4%","47.9%","57.0%","84.2%","73.1%","41.4%","12.9%","36.1%","29.1%",".230","89.4","12.0","4.3%","112.9",".322","18900"
"Reese McGuire","- - -","89","274","3","25","22","1","4.4%","20.4%",".100",".332",".269",".307",".369",".297",".267","90","-1.9","-5.1","11.9","1.6","67","49","14","1","12","56","3","0",".677","1.00","22.5%","38.7%","38.7%","13.5%","4.1%","2.7%","40.0%","66.2%","50.9%","68.1%","92.5%","81.3%","41.6%","9.5%","29.1%","27.4%",".233","87.0","14.1","2.5%","109.6",".326","15674"
"Harold Castro","DET","120","443","7","37","47","0","3.8%","17.8%",".110",".318",".271",".300",".381",".297",".316","94","-1.6","-4.8","-12.8","-0.4","114","84","21","2","17","79","1","1",".681","1.49","25.7%","44.4%","29.8%","2.0%","6.9%","6.6%","42.2%","69.7%","53.6%","72.7%","89.6%","81.8%","41.5%","9.8%","33.2%","24.5%",".275","87.0","11.4","6.1%","107.3",".423","14691"
"Brandon Marsh","- - -","134","461","11","49","52","10","6.1%","34.3%",".139",".360",".245",".295",".384",".296",".287","89","2.5","-2.9","4.0","1.7","104","71","18","4","28","158","3","4",".679","1.30","24.5%","42.6%","32.8%","1.1%","12.6%","6.2%","33.7%","67.0%","47.6%","60.3%","81.4%","72.7%","41.8%","13.0%","38.2%","31.4%",".226","89.2","10.9","7.4%","109.0",".372","20202"
"Sam Huff","TEX","44","132","4","9","10","1","8.3%","31.8%",".132",".333",".240",".303",".372",".296",".294","92","0.4","-0.8","1.4","0.5","29","21","4","0","11","42","0","0",".675","1.31","24.1%","43.0%","32.9%","3.8%","15.4%","8.8%","36.6%","77.8%","53.3%","38.5%","79.1%","62.5%","40.5%","20.0%","36.7%","31.9%",".226","88.9","9.7","10.1%","112.9",".385","22209"
"Shea Langeliers","OAK","40","153","6","14","22","0","5.9%","34.6%",".211",".294",".218",".261",".430",".296",".261","97","-0.3","-0.8","-2.8","0.1","31","14","10","1","9","53","0","0",".691","0.97","22.0%","38.5%","39.6%","22.2%","16.7%","5.7%","39.7%","75.6%","54.4%","43.8%","74.4%","61.2%","40.8%","21.1%","38.5%","33.8%",".200","87.3","16.9","9.9%","112.2",".345","25816"
"Adam Duvall","ATL","86","315","12","39","36","0","6.7%","32.1%",".188",".278",".213",".276",".401",".295",".293","87","2.7","-2.2","0.4","0.9","61","32","16","1","21","101","5","2",".677","0.56","18.6%","29.3%","52.1%","12.2%","12.2%","5.5%","39.2%","67.6%","50.5%","62.7%","80.5%","72.2%","39.9%","14.0%","40.4%","29.9%",".209","88.3","23.4","12.8%","110.1",".395","10950"
"Curt Casali","- - -","57","176","5","20","17","0","13.6%","28.4%",".128",".263",".203",".318",".331",".295",".289","92","0.1","-1.5","-0.3","0.4","30","21","4","0","24","50","2","0",".649","0.57","23.0%","28.0%","49.0%","12.2%","10.2%","7.1%","27.1%","73.3%","47.3%","60.0%","82.0%","74.9%","43.6%","11.9%","38.0%","24.8%",".189","87.1","25.4","6.0%","106.6",".325","12510"
"Ke'Bryan Hayes","PIT","136","560","7","55","41","20","8.6%","21.8%",".101",".307",".244",".314",".345",".294",".303","88","0.9","-6.8","16.7","3.0","123","89","24","3","48","122","5","5",".659","1.71","21.8%","49.4%","28.8%","10.8%","6.3%","9.5%","30.0%","63.5%","43.3%","65.8%","92.1%","81.1%","39.6%","8.2%","46.8%","27.6%",".250","91.0","5.2","3.9%","113.0",".354","18577"
"Whit Merrifield","- - -","139","550","11","70","58","16","6.9%","15.5%",".125",".276",".250",".298",".375",".294",".288","88","2.6","-4.6","1.4","1.5","126","86","28","1","38","85","0","5",".673","1.04","19.7%","40.9%","39.4%","11.4%","6.6%","7.0%","35.0%","71.5%","50.5%","73.8%","87.5%","82.0%","42.6%","9.1%","30.9%","24.4%",".240","87.1","15.1","4.2%","107.6",".356","11281"
"Joey Bart","SFG","97","291","11","34","25","2","8.9%","38.5%",".149",".326",".215",".296",".364",".294",".296","90","-1.5","-4.8","1.0","0.6","56","39","6","0","26","112","4","1",".660","1.19","21.1%","42.9%","36.1%","17.0%","20.8%","3.2%","33.5%","64.7%","46.9%","47.5%","75.4%","64.0%","42.7%","16.9%","43.0%","35.0%",".210","87.3","16.3","10.1%","114.3",".370","21524"
"Peyton Burdick","MIA","32","102","4","8","11","1","7.8%","34.3%",".174",".283",".207",".284",".380",".294",".296","91","0.0","-1.1","-4.3","-0.2","19","11","4","0","8","35","2","0",".665","0.69","21.4%","32.1%","46.4%","15.4%","15.4%","11.1%","33.9%","80.5%","52.4%","47.6%","82.8%","69.0%","39.7%","16.2%","38.6%","27.7%",".205","90.0","18.0","10.5%","109.8",".387","25459"
"Gabriel Arias","CLE","16","57","1","9","5","1","14.0%","28.1%",".128",".267",".191",".321",".319",".294",".290","90","0.0","-0.6","-3.1","-0.2","9","6","1","1","8","16","1","0",".641","5.00","20.0%","66.7%","13.3%","25.0%","25.0%","15.0%","26.8%","64.5%","42.0%","48.6%","78.3%","67.0%","40.3%","13.9%","34.4%","32.0%",".197","88.8","-0.6","6.3%","109.9",".296","22563"
"Ramon Laureano","OAK","94","383","13","49","34","11","6.5%","27.2%",".165",".262",".211",".287",".376",".294",".307","96","3.0","1.2","-4.8","0.9","73","42","18","0","25","104","12","6",".663","1.09","17.8%","43.0%","39.3%","10.5%","13.7%","8.7%","32.4%","65.2%","46.3%","53.4%","84.0%","71.6%","42.3%","13.1%","38.4%","31.7%",".219","88.7","14.9","11.6%","110.2",".402","17128"
"Pavin Smith","ARI","75","277","9","24","33","1","10.1%","24.2%",".147",".262",".220",".300",".367",".294",".304","87","0.5","-3.8","-4.4","0.1","54","36","9","0","28","67","1","0",".667","1.00","13.8%","43.1%","43.1%","12.8%","11.5%","11.5%","26.1%","58.7%","39.3%","67.4%","89.4%","80.7%","40.6%","7.6%","35.9%","29.9%",".216","87.9","15.2","9.9%","109.2",".379","19892"
"Mark Kolozsvary","CIN","10","21","1","3","3","0","4.8%","42.9%",".250",".300",".200",".238",".450",".294",".236","81","-0.2","-0.7","0.2","0.0","4","1","2","0","1","9","0","0",".688","2.50","36.4%","45.5%","18.2%","0.0%","50.0%","20.0%","26.8%","52.8%","39.0%","72.7%","84.2%","80.0%","46.8%","7.8%","45.5%","35.1%",".192","88.3","-1.8","9.1%","104.2",".304","21304"
"Brian Anderson","MIA","98","383","8","43","28","1","9.7%","26.4%",".124",".291",".222",".311",".346",".293",".309","90","-0.1","-4.5","-4.1","0.5","75","50","16","1","37","101","7","0",".657","1.62","18.5%","50.4%","31.1%","4.1%","10.8%","5.0%","32.3%","76.8%","50.5%","59.7%","79.8%","72.1%","40.9%","14.1%","42.0%","27.5%",".229","88.7","7.7","9.7%","112.0",".379","18289"
"Matt Reynolds","- - -","93","272","3","31","23","5","9.6%","28.7%",".086",".348",".246",".320",".332",".293",".272","81","0.3","-5.8","0.4","0.4","60","46","10","1","26","78","1","0",".652","1.89","22.2%","50.9%","26.9%","2.2%","6.7%","7.1%","26.4%","63.6%","41.5%","51.5%","86.7%","73.4%","40.6%","11.0%","41.9%","32.9%",".215","90.2","5.6","3.0%","106.7",".305","13788"
"Jose Trevino","NYY","115","353","11","39","43","2","4.2%","17.6%",".140",".274",".248",".283",".388",".293",".281","91","-1.2","-4.9","29.0","3.7","83","59","12","1","15","62","2","1",".671","0.96","18.7%","39.9%","41.4%","13.3%","9.7%","10.1%","41.9%","61.4%","49.7%","72.5%","88.7%","80.5%","40.1%","9.7%","35.0%","30.2%",".239","87.9","13.0","5.1%","109.4",".364","16725"
"Raimel Tapia","TOR","128","433","7","47","52","8","3.7%","18.7%",".114",".315",".265",".292",".380",".293",".286","90","2.0","-2.7","-8.7","0.3","109","79","20","3","16","81","0","2",".672","2.13","19.6%","54.7%","25.7%","9.4%","8.2%","5.5%","44.6%","70.5%","54.9%","72.2%","88.2%","80.4%","39.8%","10.8%","37.5%","25.5%",".256","87.6","4.0","5.1%","111.7",".366","14350"
"Aaron Hicks","NYY","130","453","8","54","40","10","13.7%","24.1%",".096",".279",".216",".330",".313",".292",".303","90","2.5","-2.6","2.1","1.5","83","64","9","2","62","109","4","3",".642","1.13","16.4%","44.4%","39.3%","14.8%","7.4%","12.3%","23.7%","64.5%","40.8%","60.8%","83.8%","76.0%","41.8%","9.8%","33.1%","29.0%",".218","87.9","14.8","5.8%","109.6",".336","5297"
"Nelson Cruz","WSN","124","507","10","50","64","4","9.7%","23.5%",".103",".295",".234",".313",".337",".292",".320","85","-3.1","-11.9","-13.3","-0.8","105","79","16","0","49","119","4","0",".651","1.85","19.3%","52.4%","28.3%","9.6%","10.6%","5.7%","35.2%","74.8%","50.7%","57.1%","80.1%","70.4%","39.1%","15.0%","45.7%","27.7%",".241","90.9","7.2","9.3%","113.8",".399","2434"
"Nelson Velazquez","CHC","77","206","6","20","26","5","9.2%","31.6%",".168",".281",".205",".286",".373",".291",".305","87","0.1","-3.0","-3.3","0.1","38","22","7","3","19","65","2","2",".659","1.04","16.7%","42.5%","40.8%","4.1%","12.2%","13.7%","29.3%","73.3%","47.0%","50.7%","73.2%","64.8%","40.2%","16.5%","41.7%","30.0%",".209","89.2","12.3","13.3%","111.2",".399","23359"
"Nick Solak","TEX","35","95","3","14","4","3","7.4%","20.0%",".122",".233",".207",".309",".329",".291",".335","89","0.6","-0.6","-1.7","0.1","17","13","1","0","7","19","5","2",".638","1.89","11.3%","58.1%","30.6%","10.5%","15.8%","13.9%","26.0%","61.5%","42.0%","68.6%","81.8%","77.3%","45.1%","9.5%","34.4%","30.5%",".242","86.7","5.7","7.8%","111.1",".409","19294"
"Darin Ruf","- - -","119","388","11","52","45","2","11.6%","27.1%",".135",".258",".204",".307",".338",".291",".310","89","0.2","-4.8","-15.2","-0.7","68","45","12","0","45","105","6","0",".645","1.02","18.1%","41.4%","40.5%","13.8%","11.7%","7.3%","26.7%","58.6%","40.3%","60.1%","84.9%","75.5%","42.7%","9.9%","40.5%","32.2%",".219","89.2","14.8","8.6%","112.1",".371","9929"
"Javier Baez","DET","144","590","17","64","67","9","4.4%","24.9%",".155",".292",".238",".278",".393",".291",".285","90","2.5","-4.3","4.4","2.0","132","84","27","4","26","147","6","2",".671","1.49","16.5%","49.9%","33.6%","10.9%","12.3%","10.7%","48.7%","69.1%","55.8%","55.3%","81.5%","66.6%","34.8%","18.6%","38.0%","32.2%",".230","87.9","9.6","8.0%","112.1",".378","12979"
"Jorge Alfaro","SDP","82","274","7","25","40","1","4.0%","35.8%",".137",".364",".246",".285",".383",".291",".295","90","0.0","-3.2","-1.4","0.5","63","42","14","0","11","98","4","0",".667","1.60","24.2%","46.6%","29.2%","4.3%","14.9%","9.3%","49.2%","82.7%","62.7%","52.2%","76.7%","65.2%","40.3%","21.7%","38.5%","31.4%",".238","89.4","8.0","11.2%","115.2",".397","12180"
"Jake Hager","ARI","28","59","0","4","3","0","13.6%","28.8%",".040",".364",".240",".345",".280",".291",".247","84","0.5","-0.5","-1.0","0.0","12","10","2","0","8","17","0","0",".625","1.08","12.9%","45.2%","41.9%","23.1%","0.0%","14.3%","34.5%","69.6%","46.9%","62.1%","79.7%","71.3%","35.4%","13.5%","17.6%","26.9%",".165","80.8","13.9","5.9%","102.7",".240","12198"
"Gary Sanchez","MIN","128","471","16","42","61","2","8.5%","28.9%",".172",".257",".205",".282",".377",".290",".321","89","-2.6","-8.3","5.7","1.3","86","46","24","0","40","136","7","0",".659","1.05","14.6%","43.8%","41.7%","10.8%","13.3%","3.2%","32.6%","60.7%","44.0%","56.0%","84.3%","71.9%","40.6%","12.4%","49.3%","32.3%",".220","90.5","14.0","13.5%","115.1",".439","11442"
"Austin Nola","SDP","110","397","4","40","40","2","8.6%","15.1%",".078",".284",".251",".321",".329",".290",".305","89","-0.8","-5.9","-5.8","0.2","87","68","15","0","34","60","6","1",".649","1.16","20.6%","42.6%","36.8%","9.2%","3.7%","4.0%","25.3%","64.2%","42.9%","75.7%","92.1%","86.8%","45.3%","5.7%","39.4%","25.2%",".256","89.4","12.0","2.4%","109.1",".351","15941"
"Lewis Brinson","SFG","16","39","3","5","4","1","5.1%","35.9%",".306",".158",".167",".211",".472",".289",".264","87","0.5","-0.1","-0.6","0.1","6","1","2","0","2","14","0","0",".683","1.00","14.3%","42.9%","42.9%","22.2%","33.3%","0.0%","40.4%","57.8%","47.0%","52.4%","86.5%","68.4%","38.1%","14.9%","34.8%","34.5%",".181","87.8","12.0","13.0%","106.2",".380","14352"
"Bryson Stott","PHI","127","466","10","58","49","12","7.7%","19.1%",".124",".274",".234",".295",".358",".289",".284","83","4.7","-4.3","1.9","1.4","100","69","19","2","36","89","1","4",".653","1.29","17.6%","46.4%","36.0%","18.2%","8.3%","5.8%","31.3%","61.9%","44.8%","78.4%","89.4%","85.1%","44.0%","6.7%","36.2%","27.0%",".237","88.1","13.1","4.4%","108.4",".340","26294"
"Brandon Crawford","SFG","118","458","9","50","52","1","8.5%","21.4%",".113",".280",".231",".308",".344",".289",".287","87","1.8","-5.3","9.2","2.0","94","68","15","2","39","98","8","1",".652","1.31","17.7%","46.6%","35.7%","11.7%","8.1%","5.5%","30.4%","77.8%","50.6%","53.3%","78.9%","70.1%","42.5%","15.1%","34.5%","26.8%",".217","88.1","12.3","6.7%","109.0",".339","5343"
"Victor Caratini","MIL","96","314","9","26","34","0","9.9%","21.3%",".143",".228",".199",".300",".342",".289",".309","84","-3.2","-8.9","9.5","1.2","54","33","12","0","31","67","9","0",".642","1.63","18.4%","50.5%","31.1%","7.8%","14.1%","1.9%","26.0%","63.4%","42.3%","62.3%","91.3%","81.2%","43.6%","7.9%","43.5%","27.4%",".233","89.4","6.6","6.3%","112.8",".350","14968"
"Joey Wendle","MIA","101","371","3","27","32","12","4.0%","13.5%",".101",".293",".259",".297",".360",".289",".276","87","0.0","-5.6","5.0","1.2","90","62","24","1","15","50","5","3",".658","1.95","16.8%","55.0%","28.2%","1.2%","3.6%","6.1%","43.1%","65.7%","52.6%","75.0%","92.9%","84.4%","42.0%","8.2%","36.2%","25.9%",".250","87.5","3.0","1.7%","107.6",".331","13853"
"Dee Strange-Gordon","WSN","23","59","0","6","2","3","0.0%","13.6%",".051",".353",".305",".305",".356",".288",".213","83","-0.2","-1.3","-3.9","-0.3","18","16","1","1","0","8","0","2",".661","2.80","22.4%","57.1%","20.4%","0.0%","0.0%","7.1%","44.7%","72.0%","57.7%","78.3%","89.6%","85.0%","47.4%","8.7%","17.6%","25.5%",".220","84.4","1.3","0.0%","100.4",".268","8203"
"Jesus Aguilar","- - -","129","507","16","39","51","1","5.5%","23.5%",".144",".278",".235",".281",".379",".288",".298","86","-2.8","-10.7","-9.8","-0.4","109","74","19","0","28","119","4","0",".661","0.68","24.0%","30.9%","45.1%","12.7%","10.1%","3.7%","38.9%","65.7%","49.2%","64.5%","84.7%","74.9%","38.4%","12.4%","35.4%","29.7%",".240","87.8","18.9","6.7%","108.1",".393","11342"
"Tony Kemp","OAK","147","558","7","61","46","11","8.1%","12.4%",".099",".259",".235",".307",".334",".287",".267","91","4.1","-1.4","-2.3","1.5","117","84","24","2","45","69","8","1",".641","1.06","20.2%","41.0%","38.8%","14.3%","4.3%","4.7%","33.0%","68.2%","48.4%","79.7%","93.6%","88.3%","43.8%","5.7%","14.9%","22.5%",".219","84.4","15.0","1.6%","103.2",".291","14894"
"Ryan Jeffers","MIN","67","236","7","25","27","0","9.7%","26.3%",".156",".259",".208",".285",".363",".287",".315","87","-1.3","-4.7","5.8","0.9","44","26","10","1","23","62","0","0",".648","0.76","18.9%","35.1%","45.9%","13.2%","10.3%","3.8%","29.0%","68.8%","46.1%","68.8%","85.7%","79.6%","42.9%","9.4%","42.4%","27.3%",".218","88.2","18.2","13.2%","113.2",".424","24618"
"Bobby Dalbec","BOS","117","353","12","40","39","3","8.2%","33.4%",".155",".293",".215",".283",".369",".287",".296","80","1.7","-6.3","-5.6","-0.1","68","45","9","2","29","118","3","0",".652","0.95","20.2%","38.9%","40.9%","9.6%","14.5%","8.9%","31.6%","70.0%","46.5%","49.5%","78.8%","66.6%","38.8%","15.5%","45.3%","32.8%",".216","90.3","15.2","11.8%","113.9",".379","19966"
"Odubel Herrera","PHI","62","197","5","23","21","6","5.6%","21.3%",".141",".281",".238",".279",".378",".287",".272","82","0.8","-3.3","1.6","0.5","44","29","9","1","11","42","0","0",".658","1.95","12.7%","57.7%","29.6%","14.3%","11.9%","11.0%","42.0%","67.9%","52.4%","64.3%","91.5%","78.5%","40.2%","11.3%","37.5%","26.5%",".225","86.9","4.0","4.9%","111.2",".348","11476"
"Owen Miller","CLE","130","472","6","53","51","2","6.8%","19.7%",".108",".290",".243",".301",".351",".287",".291","85","1.0","-6.9","-2.4","0.6","103","70","26","1","32","93","7","0",".652","1.28","22.9%","43.2%","33.8%","7.0%","5.2%","8.2%","37.4%","63.7%","47.9%","76.7%","90.0%","83.8%","40.0%","7.8%","31.2%","26.6%",".246","85.8","10.1","3.5%","109.1",".341","24655"
"Spencer Steer","CIN","28","108","2","12","8","0","10.2%","24.1%",".116",".269",".211",".306",".326",".287",".278","76","0.0","-3.0","-1.5","-0.1","20","13","5","0","11","26","2","1",".632","1.15","18.8%","43.5%","37.7%","15.4%","7.7%","10.0%","27.5%","60.1%","41.8%","69.7%","85.0%","79.3%","43.9%","8.6%","31.9%","30.8%",".206","84.7","13.6","5.8%","104.4",".304","26323"
"Nick Pratto","KCR","49","182","7","18","20","0","10.4%","36.3%",".203",".250",".184",".271",".386",".287",".267","82","-1.5","-5.2","-3.9","-0.3","29","12","9","1","19","66","1","0",".657","0.62","13.8%","33.0%","53.2%","8.0%","14.0%","6.5%","30.9%","65.9%","45.5%","51.4%","78.2%","67.6%","41.7%","14.7%","35.4%","32.8%",".173","86.0","19.7","12.5%","109.0",".322","22117"
"Harrison Bader","- - -","86","313","5","38","30","17","4.8%","19.8%",".106",".300",".250",".294",".356",".286",".270","86","4.2","-0.7","4.3","1.5","73","55","10","3","15","62","4","3",".650","0.92","16.4%","40.1%","43.5%","17.8%","5.0%","12.9%","37.3%","63.7%","47.5%","66.8%","90.4%","79.1%","38.8%","9.9%","26.3%","27.5%",".234","83.4","16.7","3.4%","109.6",".321","18030"
"Matt Thaiss","LAA","29","81","2","9","8","1","13.6%","29.6%",".101",".295",".217",".321",".319",".286",".289","83","0.0","-1.5","-2.3","-0.1","15","12","1","0","11","24","0","0",".640","1.86","13.0%","56.5%","30.4%","14.3%","14.3%","3.8%","25.0%","75.7%","46.9%","50.0%","81.1%","71.7%","43.2%","13.3%","37.0%","27.5%",".212","88.5","7.5","6.5%","107.2",".325","19318"
"Kevin Kiermaier","TBR","63","221","7","28","22","6","6.3%","27.6%",".141",".290",".228",".281",".369",".286",".305","90","3.2","0.7","2.6","1.1","47","32","8","0","14","61","1","1",".649","1.90","20.0%","52.4%","27.6%","5.0%","17.5%","7.9%","32.8%","75.1%","51.4%","47.1%","84.3%","71.0%","43.9%","14.9%","38.6%","27.8%",".250","87.9","5.3","6.9%","109.9",".388","11038"
"Alex Kirilloff","MIN","45","156","3","14","21","0","3.2%","23.1%",".111",".308",".250",".290",".361",".286",".282","86","-2.0","-4.4","-6.2","-0.6","36","26","7","0","5","36","4","0",".651","1.85","14.5%","55.5%","30.0%","3.0%","9.1%","6.6%","35.0%","71.6%","50.3%","72.8%","88.0%","81.9%","41.9%","9.1%","45.0%","24.9%",".232","89.3","6.1","6.3%","108.8",".369","20325"
"Alejo Lopez","CIN","61","156","1","15","10","3","5.8%","13.5%",".069",".301",".262",".314",".331",".286",".280","76","-0.3","-4.6","-0.6","0.0","38","31","5","1","9","21","2","1",".645","1.73","27.4%","46.0%","26.6%","9.1%","3.0%","8.8%","33.8%","74.3%","50.6%","77.9%","89.8%","85.1%","41.5%","7.5%","20.2%","22.8%",".249","83.8","9.3","0.8%","105.1",".329","21127"
"Joey Gallo","- - -","126","410","19","48","47","3","13.7%","39.8%",".197",".219",".160",".280",".357",".286",".295","85","0.5","-6.3","-1.3","0.6","56","27","8","2","56","163","3","0",".638","0.53","19.4%","28.0%","52.7%","13.3%","19.4%","7.7%","31.5%","70.0%","47.1%","43.7%","73.3%","61.5%","40.6%","18.1%","50.5%","32.1%",".169","89.6","23.8","17.6%","113.0",".373","14128"
"Mike Moustakas","CIN","78","285","7","30","25","2","8.4%","26.3%",".131",".272",".214",".295",".345",".286",".270","76","-0.5","-8.5","-5.6","-0.5","54","35","12","0","24","75","6","0",".640","0.70","15.0%","35.0%","50.0%","20.0%","7.8%","4.8%","40.9%","75.6%","54.3%","59.2%","83.9%","72.4%","38.5%","15.0%","33.9%","25.6%",".195","87.6","19.4","6.1%","111.7",".307","4892"
"Willi Castro","DET","112","392","8","47","31","9","3.8%","20.9%",".126",".288",".241",".284",".367",".285",".290","86","1.6","-4.7","-1.2","0.7","88","60","18","2","15","82","8","4",".651","1.18","22.5%","41.9%","35.6%","10.9%","7.9%","2.5%","42.7%","77.7%","57.7%","57.0%","85.6%","73.5%","42.9%","15.3%","31.0%","26.9%",".261","84.8","13.7","3.5%","111.7",".339","17338"
"Michael Toglia","COL","31","120","2","10","12","1","7.5%","36.7%",".162",".338",".216",".275",".378",".285",".261","68","0.5","-4.0","-2.1","-0.2","24","12","8","2","9","44","0","1",".653","0.96","23.9%","37.3%","38.8%","11.5%","7.7%","12.0%","32.0%","67.5%","47.7%","49.4%","81.1%","69.3%","44.4%","14.6%","40.3%","33.3%",".218","87.4","17.0","7.5%","110.6",".305","25845"
"Dermis Garcia","OAK","39","125","5","13","20","0","6.4%","44.0%",".181",".339",".207",".264",".388",".285",".244","90","-0.2","-1.7","-0.6","0.2","24","13","6","0","8","55","1","0",".652","1.27","18.0%","45.9%","36.1%","18.2%","22.7%","10.7%","33.2%","79.0%","51.2%","33.3%","73.5%","57.7%","39.3%","21.7%","42.6%","33.6%",".167","86.5","12.2","13.1%","110.6",".324","20926"
"Isiah Kiner-Falefa","NYY","142","531","4","66","48","22","6.6%","13.6%",".066",".296",".261",".314",".327",".285",".290","85","1.1","-7.8","3.6","1.3","126","102","20","0","35","72","5","4",".642","2.26","20.9%","54.9%","24.3%","7.0%","4.0%","7.5%","33.1%","59.6%","44.7%","81.8%","95.6%","89.8%","43.6%","4.5%","29.8%","25.9%",".262","86.2","4.3","1.2%","109.8",".333","16512"
"Matt Vierling","PHI","117","357","6","41","32","7","6.4%","19.6%",".105",".290",".246",".297",".351",".285",".327","81","0.5","-7.5","-4.9","0.0","80","60","12","2","23","70","3","4",".648","1.14","22.7%","41.2%","36.2%","9.6%","6.4%","5.6%","31.6%","60.3%","44.2%","70.6%","89.5%","82.0%","44.1%","8.0%","47.1%","30.0%",".279","91.2","12.0","5.0%","112.1",".408","21558"
"Alfonso Rivas","CHC","101","287","3","27","25","6","10.1%","30.3%",".072",".344",".235",".322",".307",".285",".281","82","2.0","-3.9","-7.1","-0.1","59","49","5","2","29","87","4","1",".628","2.00","26.4%","49.1%","24.5%","5.0%","7.5%","5.0%","26.1%","62.7%","41.8%","56.1%","86.8%","75.8%","42.9%","10.1%","35.3%","30.8%",".219","86.9","4.9","4.2%","108.0",".308","21560"
"Yuli Gurriel","HOU","146","584","8","53","53","8","5.1%","12.5%",".117",".266",".242",".288",".360",".285",".271","85","-0.8","-11.0","-16.3","-0.9","132","84","40","0","30","73","6","0",".647","0.99","18.5%","40.6%","40.8%","12.9%","4.1%","6.7%","37.9%","65.3%","48.6%","80.1%","93.7%","87.3%","39.2%","6.2%","35.4%","24.9%",".240","88.2","14.6","1.9%","109.6",".319","19198"
"Elias Diaz","COL","105","381","9","29","51","0","6.6%","21.5%",".140",".270",".228",".281",".368",".284",".274","67","-3.9","-18.6","-7.8","-1.4","80","51","18","2","25","82","2","1",".648","1.33","16.2%","47.8%","36.0%","13.3%","9.2%","5.4%","37.0%","74.4%","51.8%","64.5%","89.9%","78.9%","39.4%","10.9%","39.3%","24.4%",".222","88.4","11.1","5.9%","111.8",".339","11680"
"Cody Bellinger","LAD","144","550","19","70","68","14","6.9%","27.3%",".179",".255",".210",".265",".389",".284",".278","83","4.5","-6.2","3.8","1.7","106","57","27","3","38","150","2","3",".654","0.75","17.2%","35.6%","47.2%","14.1%","11.2%","9.4%","34.5%","70.5%","49.8%","68.6%","80.9%","76.0%","42.7%","12.0%","38.1%","26.4%",".213","89.4","20.3","8.3%","107.3",".354","15998"
"Victor Reyes","DET","92","336","3","27","34","2","3.9%","22.9%",".108",".322",".254",".289",".362",".284",".292","85","-0.3","-6.1","-6.7","-0.2","80","55","19","3","13","77","4","2",".651","1.41","24.3%","44.4%","31.4%","8.0%","4.0%","3.8%","45.4%","70.5%","55.4%","70.3%","79.2%","74.8%","39.9%","14.0%","36.8%","27.7%",".261","87.9","10.9","5.0%","110.9",".368","15487"
"Jarren Duran","BOS","58","223","3","23","17","7","6.3%","28.3%",".142",".302",".221",".283",".363",".284",".282","78","0.5","-5.1","-5.4","-0.4","45","25","14","3","14","63","4","1",".645","1.50","15.4%","50.7%","33.8%","8.7%","6.5%","5.8%","34.1%","70.9%","49.7%","56.6%","87.9%","75.6%","42.5%","12.1%","37.3%","27.7%",".219","89.3","7.6","7.7%","110.4",".353","24617"
"Robbie Grossman","- - -","129","477","7","40","45","6","11.7%","27.0%",".102",".283",".209",".310",".311",".283",".281","82","-0.2","-9.8","-8.6","-0.3","86","59","19","1","56","129","6","2",".622","0.70","24.2%","31.2%","44.6%","6.3%","5.5%","6.7%","24.0%","63.6%","40.9%","59.9%","86.5%","77.6%","42.6%","9.2%","30.1%","29.9%",".205","86.7","21.1","3.5%","105.8",".305","5254"
"Yairo Munoz","PHI","29","60","3","7","7","1","5.0%","16.7%",".193",".205",".211",".250",".404",".283",".263","80","0.4","-1.1","-2.0","-0.1","12","7","2","0","3","10","0","0",".654","3.20","10.6%","68.1%","21.3%","0.0%","30.0%","3.1%","41.9%","83.3%","58.7%","57.7%","88.6%","75.4%","40.4%","14.4%","36.2%","25.0%",".226","85.0","1.3","4.3%","106.9",".328","16313"
"Jake Marisnick","PIT","31","82","2","9","6","2","4.9%","29.3%",".156",".314",".234",".272",".390",".283",".270","80","-0.5","-2.3","4.0","0.5","18","10","6","0","4","24","0","1",".661","0.73","20.8%","33.3%","45.8%","13.6%","9.1%","12.5%","44.5%","73.6%","55.2%","55.6%","83.3%","69.2%","36.8%","17.0%","42.6%","30.6%",".226","88.4","19.9","7.4%","110.2",".361","11339"
"Grayson Greiner","ARI","2","8","0","0","0","0","25.0%","37.5%",".000",".333",".167",".375",".167",".283",".227","79","0.0","-0.2","0.1","0.0","1","1","0","0","2","3","0","0",".542","2.00","0.0%","66.7%","33.3%","0.0%","0.0%","0.0%","19.0%","61.5%","35.3%","25.0%","75.0%","58.3%","38.2%","14.7%","33.3%","35.3%",".079","89.7","12.7","0.0%","95.9",".097","17062"
"Cesar Hernandez","WSN","147","617","1","64","34","10","7.3%","18.5%",".070",".309",".248",".311",".318",".283",".290","79","-0.8","-15.9","-0.6","0.5","139","106","28","4","45","114","7","4",".629","1.51","22.9%","46.5%","30.7%","11.9%","0.7%","8.4%","29.3%","70.7%","46.6%","67.3%","88.6%","80.8%","41.8%","9.0%","29.7%","24.6%",".248","84.8","9.3","2.4%","110.8",".329","10556"
"Kyle Higashioka","NYY","83","248","10","27","31","0","4.8%","21.0%",".162",".246",".227",".264",".389",".282",".317","83","-0.1","-4.8","12.6","1.7","52","35","7","0","12","52","1","1",".653","0.81","22.1%","34.8%","43.1%","12.8%","12.8%","4.8%","32.5%","73.5%","50.2%","57.5%","84.7%","74.7%","43.3%","12.7%","48.1%","26.7%",".254","90.9","17.2","9.8%","109.1",".444","5517"
"Michael Chavis","PIT","129","426","14","39","49","1","4.5%","29.6%",".160",".294",".229",".265",".389",".282",".261","80","0.3","-9.7","-10.7","-0.6","92","59","16","3","19","126","2","1",".654","1.15","16.5%","44.6%","38.8%","15.7%","13.0%","11.3%","43.8%","77.9%","57.8%","58.1%","83.0%","71.9%","41.0%","16.3%","38.4%","28.3%",".217","85.4","11.1","7.5%","111.3",".336","17321"
"Ezequiel Duran","TEX","58","220","5","25","25","4","5.5%","24.5%",".130",".295",".236",".277",".365",".282",".256","82","-0.2","-4.7","-1.6","0.1","49","33","10","1","12","54","0","1",".643","1.53","16.2%","50.6%","33.1%","33.3%","9.8%","11.5%","42.1%","72.7%","54.8%","63.1%","82.3%","73.6%","41.3%","14.4%","31.2%","27.8%",".216","85.9","9.5","4.5%","110.2",".317","23733"
"Edmundo Sosa","- - -","78","190","2","26","21","6","2.6%","26.3%",".142",".304",".227",".275",".369",".282",".286","82","2.2","-1.8","7.0","1.2","40","23","11","4","5","50","7","1",".644","1.38","21.3%","45.7%","33.1%","9.5%","4.8%","13.8%","48.0%","69.1%","56.8%","54.6%","84.6%","69.8%","41.7%","17.2%","29.7%","33.2%",".244","86.8","11.4","5.5%","107.9",".350","17022"
"Hoy Park","PIT","23","60","2","7","6","1","6.7%","25.0%",".157",".250",".216",".276",".373",".282",".269","79","0.9","-0.6","-6.1","-0.5","11","7","2","0","4","15","1","0",".648","1.36","10.8%","51.4%","37.8%","0.0%","14.3%","10.5%","26.8%","55.6%","38.8%","75.7%","83.6%","80.4%","41.8%","7.6%","25.0%","31.2%",".208","85.1","10.3","10.0%","103.9",".344","18027"
"Luke Maile","CLE","76","206","3","19","17","0","9.2%","26.2%",".105",".291",".221",".301",".326",".281",".263","81","-1.1","-5.4","5.9","0.7","40","27","10","0","19","54","3","0",".627","0.86","18.5%","37.7%","43.8%","7.0%","5.3%","0.0%","29.0%","67.4%","44.9%","54.7%","87.0%","74.8%","41.5%","11.3%","25.4%","30.1%",".194","84.5","17.0","5.4%","106.5",".301","13355"
"Jorge Mateo","BAL","150","533","13","63","50","35","5.1%","27.6%",".158",".286",".221",".267",".379",".281",".272","82","5.8","-5.2","14.5","2.8","109","64","25","7","27","147","5","9",".646","0.92","20.3%","38.3%","41.4%","11.2%","9.1%","8.3%","39.4%","72.8%","53.1%","55.0%","83.6%","71.0%","40.9%","15.4%","32.5%","29.9%",".222","86.8","14.8","5.9%","111.3",".344","17273"
"Calvin Mitchell","PIT","69","232","5","21","17","3","7.8%","22.4%",".123",".276",".226",".286",".349",".281",".292","79","1.1","-4.6","-8.9","-0.6","48","32","11","0","18","52","0","1",".635","1.55","22.4%","47.2%","30.4%","0.0%","10.2%","3.9%","35.1%","69.9%","50.4%","54.8%","88.8%","75.5%","43.8%","12.4%","40.7%","27.4%",".238","89.9","7.5","4.9%","107.3",".358","22169"
"Charlie Culberson","TEX","70","124","2","19","12","2","4.0%","25.0%",".104",".329",".252",".283",".357",".281",".251","81","-1.1","-3.7","-5.8","-0.6","29","21","6","0","5","31","0","3",".640","2.04","16.7%","56.0%","27.4%","13.0%","8.7%","6.4%","45.2%","75.9%","58.3%","51.8%","85.9%","70.7%","42.6%","17.1%","27.3%","28.2%",".226","85.3","5.9","1.1%","103.8",".303","3298"
"Jordan Luplow","ARI","83","234","11","26","28","5","10.7%","25.6%",".185",".185",".176",".274",".361",".281",".288","78","0.3","-5.8","-0.5","0.2","36","20","5","0","25","60","3","1",".634","0.92","14.4%","41.1%","44.5%","15.4%","16.9%","5.0%","28.3%","74.5%","47.5%","55.4%","82.4%","73.0%","41.7%","12.8%","32.9%","27.2%",".198","87.2","17.7","7.5%","108.8",".351","16424"
"Chad Pinder","OAK","111","379","12","38","42","2","3.7%","31.1%",".150",".313",".235",".263",".385",".281",".280","86","-0.2","-6.0","-6.8","-0.1","85","55","18","0","14","118","0","0",".648","1.61","20.0%","49.4%","30.6%","8.0%","16.0%","5.0%","35.4%","77.2%","52.9%","55.4%","77.2%","68.7%","41.8%","16.6%","40.5%","30.1%",".235","87.5","9.7","6.5%","109.8",".380","15191"
"Luis Barrera","OAK","32","85","1","3","7","3","7.1%","20.0%",".104",".283",".234",".294",".338",".280",".261","86","-0.8","-2.1","1.6","0.2","18","12","5","0","6","17","1","0",".632","1.88","16.9%","54.2%","28.8%","5.9%","5.9%","3.1%","27.9%","69.5%","47.8%","76.1%","85.7%","82.8%","47.8%","8.2%","32.8%","24.1%",".213","87.1","5.1","3.3%","107.3",".310","19615"
"Josh Jung","TEX","26","102","5","9","14","2","3.9%","38.2%",".214",".278",".204",".235",".418",".280",".287","81","-1.8","-4.0","-0.4","-0.1","20","10","4","1","4","39","0","0",".654","1.20","25.4%","40.7%","33.9%","5.0%","25.0%","0.0%","34.9%","66.0%","47.0%","57.1%","84.2%","71.9%","38.8%","13.2%","30.5%","32.7%",".225","85.5","14.3","10.2%","108.3",".403","26299"
"Trent Grisham","SDP","152","524","17","58","53","7","10.9%","28.6%",".157",".231",".184",".284",".341",".280",".295","83","5.8","-4.7","7.4","2.1","83","48","16","2","57","150","7","1",".626","1.00","13.5%","43.3%","43.3%","10.4%","13.6%","4.8%","23.0%","58.1%","37.9%","63.4%","82.2%","75.7%","42.7%","9.2%","35.5%","30.9%",".204","88.3","15.1","8.1%","111.1",".354","18564"
"Mike Ford","- - -","50","149","3","9","10","0","11.4%","26.8%",".107",".273",".206",".302",".313",".280",".278","81","-0.5","-3.7","-2.9","-0.2","27","19","5","0","17","40","1","0",".615","0.75","23.1%","33.0%","44.0%","10.0%","7.5%","3.3%","23.5%","54.7%","35.2%","68.5%","89.0%","80.4%","37.2%","6.9%","33.0%","30.7%",".210","88.7","18.1","3.3%","110.4",".302","15585"
"Zach McKinstry","- - -","57","185","5","21","14","7","8.6%","28.1%",".163",".257",".199",".273",".361",".280",".288","79","3.9","-0.6","2.9","0.9","33","19","6","3","16","52","1","0",".635","0.98","24.8%","37.2%","38.1%","9.3%","11.6%","4.8%","32.7%","65.4%","46.4%","66.0%","90.8%","80.7%","42.0%","9.0%","30.2%","27.6%",".229","86.4","12.9","4.3%","104.2",".342","19392"
"Enrique Hernandez","BOS","93","402","6","48","45","0","8.5%","17.7%",".116",".257",".222",".291",".338",".280",".296","75","-0.7","-12.0","4.2","0.5","80","50","24","0","34","71","3","2",".629","0.93","18.0%","39.5%","42.5%","20.0%","4.8%","6.9%","30.8%","73.5%","47.6%","59.5%","87.4%","76.4%","39.3%","11.2%","35.0%","25.5%",".238","87.8","17.1","5.8%","112.3",".356","10472"
"Franmil Reyes","- - -","118","473","14","43","47","2","6.3%","33.2%",".144",".307",".221",".273",".365",".280",".275","80","-2.7","-13.6","-12.4","-1.1","97","64","17","2","30","157","2","1",".638","1.38","18.0%","47.5%","34.5%","7.1%","14.3%","5.2%","33.0%","69.3%","47.8%","46.7%","78.8%","65.6%","40.7%","16.4%","45.8%","32.8%",".203","92.0","9.9","11.3%","112.4",".358","14566"
"Gilberto Celestino","MIN","122","347","2","30","24","4","9.2%","22.2%",".064",".310",".238",".313",".302",".280",".270","82","-4.6","-11.7","0.2","0.0","74","59","12","1","32","77","2","1",".615","3.20","20.9%","60.3%","18.8%","13.6%","4.5%","11.3%","25.5%","67.9%","44.5%","65.1%","85.2%","78.9%","44.8%","9.4%","33.9%","27.3%",".219","87.3","-1.9","2.5%","107.6",".294","20233"
"Daz Cameron","DET","21","70","1","6","8","2","7.1%","28.6%",".125",".302",".219",".286",".344",".280",".303","82","1.1","-0.3","-1.6","0.0","14","9","3","1","5","20","1","0",".629","0.67","20.5%","31.8%","47.7%","19.0%","4.8%","0.0%","30.9%","70.2%","47.7%","48.9%","85.0%","71.7%","42.9%","13.5%","40.9%","30.1%",".223","90.4","17.1","9.1%","110.4",".401","18353"
"Francisco Mejia","TBR","93","299","6","32","31","0","2.3%","21.7%",".138",".292",".242",".264",".381",".279",".262","85","-2.4","-7.4","-0.3","0.2","70","42","22","0","7","65","2","0",".645","0.95","24.4%","36.9%","38.7%","9.2%","6.9%","6.0%","52.9%","73.7%","61.1%","69.2%","86.4%","77.4%","39.3%","13.8%","27.6%","27.4%",".242","86.8","15.7","2.7%","108.5",".329","16403"
"Ryan McKenna","BAL","105","172","2","23","11","2","6.4%","32.0%",".103",".350",".237",".294",".340",".279",".267","80","2.7","-1.1","3.6","0.8","37","25","10","0","11","55","2","1",".634","1.05","24.0%","39.0%","37.0%","10.8%","5.4%","7.7%","31.5%","75.7%","52.3%","50.0%","78.3%","69.2%","46.9%","16.1%","29.8%","31.8%",".210","86.7","15.4","9.6%","109.1",".331","19928"
"Matt Duffy","LAA","77","247","2","14","16","0","6.9%","20.2%",".061",".313",".250",".308",".311",".279",".280","78","-1.8","-7.9","-1.0","-0.1","57","47","8","0","17","50","2","0",".619","1.43","20.8%","46.6%","32.6%","1.7%","3.4%","4.8%","30.7%","66.0%","45.7%","62.4%","92.7%","81.0%","42.5%","8.7%","25.8%","26.6%",".234","87.1","9.9","2.8%","105.8",".333","13836"
"Albert Almora Jr.","CIN","64","235","5","26","29","3","7.2%","19.6%",".126",".261",".223",".282",".349",".279",".270","71","-3.0","-10.9","6.5","0.4","48","32","10","1","17","46","1","2",".631","1.85","22.5%","50.3%","27.2%","13.0%","10.9%","9.4%","38.8%","69.2%","51.4%","67.2%","87.2%","78.4%","41.5%","11.1%","25.1%","27.0%",".233","84.0","6.7","1.8%","108.6",".307","14109"
"Rougned Odor","BAL","135","472","13","49","53","6","6.8%","23.1%",".150",".244",".207",".275",".357",".278",".277","80","1.4","-9.4","-1.9","0.4","88","53","19","3","32","109","10","1",".632","0.64","19.4%","31.5%","49.0%","16.2%","8.4%","4.0%","34.9%","72.7%","50.1%","61.4%","84.8%","75.1%","40.1%","12.5%","33.3%","26.5%",".207","87.8","21.5","6.5%","109.7",".339","12282"
"Jonathan Davis","MIL","37","91","0","9","4","7","15.4%","28.6%",".013",".340",".224",".344",".237",".278",".284","77","1.7","-0.7","2.8","0.5","17","16","1","0","14","26","0","1",".581","3.00","20.0%","60.0%","20.0%","10.0%","0.0%","13.3%","27.2%","57.5%","41.2%","65.5%","87.0%","79.4%","46.3%","8.5%","21.6%","31.1%",".218","84.6","2.8","0.0%","109.1",".262","15104"
"Jared Walsh","LAA","118","454","15","41","44","2","5.9%","30.4%",".158",".281",".215",".269",".374",".278",".280","78","-0.7","-12.2","-7.9","-0.6","91","56","18","2","27","138","4","1",".642","1.24","18.1%","45.4%","36.5%","11.7%","14.6%","3.9%","33.4%","67.5%","49.0%","60.1%","82.9%","74.5%","45.8%","12.5%","42.5%","29.4%",".221","90.1","10.7","9.5%","112.1",".368","18607"
"Jake Cave","MIN","54","177","5","17","20","2","6.2%","27.7%",".171",".268",".213",".260",".384",".278",".285","81","0.9","-3.0","1.8","0.5","35","20","7","3","11","49","0","0",".644","0.81","19.7%","35.9%","44.4%","0.0%","9.6%","19.0%","34.6%","73.6%","50.4%","49.3%","77.8%","66.2%","40.6%","17.0%","42.7%","30.3%",".213","90.7","14.4","10.3%","108.9",".395","14477"
"Jordan Groshans","MIA","17","65","1","9","2","0","6.2%","20.0%",".049",".319",".262",".308",".311",".278",".263","80","-0.3","-1.8","-0.7","0.0","16","15","0","0","4","13","0","0",".619","1.47","22.9%","45.8%","31.3%","0.0%","6.7%","9.1%","30.5%","64.2%","44.5%","72.3%","91.4%","83.8%","41.4%","7.2%","37.5%","27.8%",".234","87.1","5.0","2.1%","107.0",".305","23794"
"Jose Azocar","SDP","98","216","0","24","10","5","5.6%","20.4%",".074",".327",".257",".298",".332",".278",".272","81","-1.6","-6.3","4.3","0.5","52","40","9","3","12","44","0","6",".629","1.69","21.4%","49.4%","29.2%","0.0%","0.0%","10.5%","41.2%","75.6%","54.6%","68.9%","86.3%","78.3%","38.9%","11.8%","30.0%","24.0%",".241","88.3","9.4","2.5%","108.2",".317","18821"
"Jo Adell","LAA","88","285","8","22","27","4","3.9%","37.5%",".149",".338",".224",".264",".373",".278",".251","77","0.8","-6.5","-5.5","-0.3","60","38","12","2","11","107","4","2",".637","0.95","20.6%","38.8%","40.6%","15.4%","12.3%","11.3%","37.6%","71.7%","51.9%","57.2%","73.7%","66.7%","41.8%","17.3%","37.4%","32.6%",".201","87.4","16.7","9.8%","112.2",".315","20220"
"Frank Schwindel","CHC","75","292","8","23","36","0","6.5%","19.9%",".129",".261",".229",".277",".358",".278",".278","78","-2.5","-10.0","-6.2","-0.7","62","43","11","0","19","58","0","0",".635","1.35","18.1%","47.0%","34.9%","14.7%","10.7%","5.9%","40.1%","75.8%","54.8%","68.0%","83.9%","77.0%","41.0%","12.6%","35.3%","25.8%",".230","88.1","10.2","4.7%","109.3",".351","15351"
"Jeimer Candelario","DET","124","467","13","49","50","0","6.0%","23.3%",".145",".257",".217",".272",".361",".277",".292","80","-2.7","-13.3","-2.3","-0.1","93","59","19","2","28","109","6","1",".633","1.05","18.8%","41.7%","39.5%","10.2%","10.2%","8.9%","36.8%","76.2%","52.3%","64.9%","86.2%","77.1%","39.3%","12.0%","34.0%","24.7%",".228","87.2","13.5","8.3%","111.3",".379","13621"
"Tommy La Stella","SFG","60","195","2","17","14","0","5.6%","15.4%",".111",".272",".239",".282",".350",".277",".267","78","-1.2","-6.1","-8.1","-0.8","43","27","14","0","11","30","1","0",".632","1.13","23.5%","40.5%","35.9%","12.7%","3.6%","3.2%","30.2%","53.4%","40.6%","75.2%","90.5%","84.2%","44.6%","6.4%","32.0%","28.7%",".232","87.9","14.6","2.0%","108.0",".329","12371"
"Josh Lowe","TBR","52","198","2","24","13","3","7.6%","33.3%",".122",".336",".221",".284",".343",".276",".272","83","2.1","-1.7","-1.9","0.3","40","24","12","2","15","66","1","0",".627","0.91","25.2%","35.7%","39.1%","2.2%","4.4%","7.3%","29.1%","67.9%","46.3%","62.3%","74.6%","70.3%","44.3%","13.7%","37.1%","30.7%",".212","88.3","11.4","5.2%","107.4",".339","19953"
"Johan Camargo","PHI","52","166","3","8","15","0","7.8%","22.3%",".079",".295",".237",".297",".316",".276",".267","74","0.6","-4.3","2.5","0.4","36","30","3","0","13","37","0","0",".613","1.24","25.4%","41.2%","33.3%","5.3%","7.9%","10.6%","36.1%","69.5%","48.7%","68.9%","85.7%","78.0%","37.9%","10.7%","27.6%","26.2%",".225","86.4","11.6","2.6%","106.7",".309","14950"
"Miguel Cabrera","DET","112","433","5","25","43","1","6.5%","23.3%",".063",".324",".254",".305",".317",".275",".275","79","-5.4","-15.8","-11.8","-1.5","101","86","10","0","28","101","3","0",".622","2.12","22.3%","52.8%","24.9%","2.7%","6.7%","3.1%","34.5%","73.9%","50.2%","66.0%","82.9%","75.9%","39.9%","12.1%","38.2%","27.0%",".234","89.9","5.0","4.7%","111.0",".331","1744"
"Andrew Knizner","STL","97","293","4","28","25","0","8.9%","21.2%",".085",".268",".215",".301",".300",".275",".280","79","-1.8","-9.1","-4.0","-0.3","56","42","10","0","26","62","6","1",".601","1.19","17.2%","44.9%","37.9%","22.7%","5.3%","1.1%","35.9%","67.0%","48.6%","65.5%","90.4%","79.5%","40.7%","10.0%","32.7%","27.6%",".219","86.0","15.6","3.5%","110.2",".306","19514"
"David Fletcher","LAA","61","228","2","20","17","1","3.1%","7.0%",".079",".268",".255",".288",".333",".275",".295","75","-1.5","-7.9","7.0","0.7","55","43","9","1","7","16","3","0",".621","0.88","24.6%","35.4%","40.0%","15.4%","2.6%","4.3%","35.5%","61.7%","48.2%","78.9%","94.5%","88.6%","48.6%","5.5%","6.9%","27.8%",".285","82.1","15.0","0.0%","99.0",".344","17992"
"Yoan Moncada","CHW","104","433","12","41","51","2","7.4%","26.3%",".141",".265",".212",".273",".353",".275",".289","76","1.3","-10.2","5.3","0.9","84","53","18","1","32","114","2","0",".626","0.90","17.3%","39.2%","43.5%","7.3%","9.8%","3.6%","31.3%","68.4%","47.1%","56.6%","85.2%","74.3%","42.4%","12.1%","37.2%","29.0%",".220","88.7","15.7","9.8%","111.5",".375","17232"
"Carson Kelly","ARI","104","354","7","40","35","2","8.2%","20.1%",".123",".247",".211",".282",".334",".275",".288","73","-0.4","-11.4","3.7","0.4","67","42","18","0","29","71","4","0",".617","1.02","19.7%","40.6%","39.8%","11.1%","7.1%","4.0%","28.7%","64.5%","43.6%","68.9%","89.3%","81.5%","41.7%","8.1%","36.8%","28.0%",".225","87.7","14.7","5.2%","109.4",".345","13620"
"Jordan Diaz","OAK","15","51","0","3","1","0","3.9%","13.7%",".061",".310",".265",".294",".327",".275",".229","82","0.2","-0.9","-3.2","-0.3","13","10","3","0","2","7","0","0",".621","2.80","9.5%","66.7%","23.8%","0.0%","0.0%","3.6%","39.5%","87.7%","63.6%","62.5%","90.1%","81.6%","50.0%","11.7%","31.0%","20.4%",".208","86.9","-4.8","0.0%","104.0",".273","22650"
"Bubba Thompson","TEX","55","181","1","18","9","18","3.9%","30.9%",".047",".389",".265",".302",".312",".274",".203","77","3.6","-1.2","-1.1","0.4","45","39","5","0","7","56","2","3",".613","1.67","12.0%","55.0%","33.0%","15.2%","3.0%","20.0%","40.3%","77.0%","55.6%","56.6%","76.9%","68.3%","41.7%","17.6%","21.6%","28.6%",".171","84.8","5.3","1.7%","107.8",".234","22261"
"Tyler Freeman","CLE","24","86","0","9","3","1","4.7%","12.8%",".039",".284",".247",".314",".286",".274",".270","76","0.0","-2.3","-1.0","-0.1","19","16","3","0","4","11","4","0",".600","1.75","17.9%","52.2%","29.9%","20.0%","0.0%","11.4%","37.8%","70.5%","50.4%","77.2%","92.5%","85.5%","38.7%","7.3%","25.4%","22.9%",".229","85.9","10.3","1.5%","108.0",".286","22532"
"Adam Frazier","SEA","156","602","3","61","42","11","7.6%","12.1%",".072",".268",".238",".301",".311",".274",".297","81","-0.2","-13.1","4.4","1.1","129","100","22","4","46","73","5","6",".612","1.18","24.0%","41.2%","34.8%","8.5%","1.8%","2.6%","32.7%","70.0%","48.6%","78.2%","92.6%","87.0%","42.5%","6.3%","23.8%","23.1%",".262","85.1","13.6","1.5%","105.1",".339","15223"
"Yu Chang","- - -","69","190","4","19","15","0","8.4%","31.1%",".107",".290",".208",".289",".315",".273",".290","78","-1.5","-6.4","1.4","0.1","35","25","6","0","16","59","4","1",".605","1.04","17.1%","42.3%","40.5%","0.0%","8.9%","8.5%","32.3%","68.7%","47.4%","58.3%","86.2%","75.1%","41.5%","11.8%","36.9%","29.0%",".213","88.8","14.3","9.0%","111.3",".357","14773"
"Diego Castillo","PIT","96","283","11","28","29","1","4.9%","26.5%",".176",".239",".206",".251",".382",".272",".292","73","-0.4","-9.2","-1.2","-0.1","54","30","13","0","14","75","3","1",".633","0.99","19.9%","39.8%","40.3%","5.2%","14.3%","6.6%","33.5%","56.5%","43.5%","63.3%","83.7%","74.8%","43.4%","11.0%","38.2%","33.9%",".224","89.1","14.6","9.9%","109.6",".389","19906"
"Spencer Torkelson","DET","110","404","8","38","28","0","9.2%","24.5%",".117",".255",".203",".285",".319",".272",".305","76","-3.2","-14.0","-8.2","-1.0","73","48","16","1","37","99","5","1",".604","0.99","19.0%","40.3%","40.7%","14.0%","7.5%","8.5%","27.7%","70.0%","45.9%","59.7%","86.2%","77.1%","43.1%","10.5%","41.4%","27.5%",".226","90.5","15.0","8.4%","111.5",".378","27465"
"Alek Thomas","ARI","113","411","8","45","39","4","5.4%","18.0%",".113",".263",".231",".275",".344",".272",".277","71","1.8","-11.8","2.7","0.5","88","62","17","1","22","74","3","3",".619","2.32","17.0%","58.0%","25.0%","9.0%","10.3%","11.6%","36.6%","64.3%","49.0%","65.2%","84.3%","76.5%","44.9%","11.5%","34.6%","29.7%",".238","87.4","2.6","3.8%","111.3",".335","23792"
"Ryan O'Hearn","KCR","67","145","1","14","16","0","5.5%","24.1%",".082",".313",".239",".290",".321",".272",".327","72","0.3","-4.4","-3.3","-0.3","32","24","6","1","8","35","2","0",".611","1.56","30.3%","42.4%","27.3%","7.4%","3.7%","2.4%","33.7%","69.4%","49.5%","58.3%","88.1%","76.8%","44.2%","11.5%","48.0%","27.0%",".271","92.1","13.4","7.0%","110.5",".425","16442"
"Nick Senzel","CIN","110","420","5","45","25","8","7.1%","18.1%",".075",".276",".231",".296",".306",".272",".299","66","-0.9","-17.5","-2.6","-0.6","86","68","13","0","30","76","5","5",".601","1.47","22.6%","46.1%","31.3%","11.8%","5.4%","10.2%","31.4%","69.5%","47.1%","66.5%","89.1%","80.3%","41.2%","9.3%","32.4%","26.7%",".249","87.2","11.7","3.2%","109.5",".355","19293"
"Buddy Kennedy","ARI","30","94","1","10","12","0","8.5%","24.5%",".108",".279",".217",".287",".325",".271",".255","71","0.1","-3.0","0.0","0.0","18","13","2","2","8","23","1","0",".613","1.17","19.4%","43.5%","37.1%","8.7%","4.3%","11.1%","23.0%","64.2%","41.0%","66.0%","86.3%","79.9%","43.8%","8.3%","30.6%","28.4%",".196","88.6","13.0","1.6%","104.9",".280","22505"
"Luke Raley","TBR","22","72","1","7","4","0","9.7%","33.3%",".082",".297",".197",".306",".279",".271",".286","80","0.1","-1.5","-1.0","0.0","12","9","2","0","7","24","3","0",".584","0.83","10.8%","40.5%","48.6%","5.6%","5.6%","0.0%","30.4%","75.8%","50.4%","33.3%","74.5%","60.6%","44.0%","19.9%","39.5%","31.9%",".177","90.1","16.9","13.2%","110.9",".296","19354"
"Yan Gomes","CHC","86","293","8","23","31","2","2.7%","16.0%",".130",".252",".235",".260",".365",".271",".287","73","-2.0","-11.2","7.0","0.6","65","45","12","0","8","47","3","0",".625","1.38","21.8%","45.3%","32.9%","11.7%","10.4%","3.8%","41.9%","72.1%","54.2%","71.6%","90.5%","81.8%","40.7%","9.8%","28.9%","25.6%",".251","85.3","9.4","3.4%","107.5",".379","9627"
"Adam Haseley","CHW","14","25","0","4","2","0","12.0%","28.0%",".000",".357",".238",".333",".238",".270",".266","73","-0.1","-0.9","-0.3","0.0","5","5","0","0","3","7","0","0",".571","12.00","14.3%","85.7%","0.0%","0.0%","0.0%","33.3%","38.1%","79.3%","51.1%","66.7%","82.6%","74.5%","31.5%","13.0%","33.3%","21.7%",".219","84.0","-14.7","0.0%","100.7",".254","19878"
"Hanser Alberto","LAD","73","159","2","13","15","0","1.9%","15.7%",".122",".279",".244",".258",".365",".270",".234","73","-2.1","-7.0","-2.7","-0.5","38","25","9","2","3","25","0","1",".623","1.38","15.7%","48.8%","35.4%","6.7%","4.4%","6.5%","46.9%","80.5%","60.5%","64.4%","83.4%","74.6%","40.3%","15.4%","18.3%","26.7%",".216","82.9","10.8","1.5%","104.1",".304","11902"
"Omar Narvaez","MIL","84","296","4","21","23","0","9.8%","19.3%",".099",".248",".206",".292",".305",".269",".268","71","-0.3","-10.3","11.3","1.1","54","37","12","1","29","57","3","0",".597","0.80","19.6%","35.8%","44.6%","8.8%","4.4%","0.0%","32.1%","75.1%","50.0%","71.9%","84.6%","79.9%","41.7%","10.1%","18.4%","22.8%",".207","84.7","17.7","2.4%","106.4",".293","13338"
"Sergio Alcantara","- - -","93","224","6","26","29","1","5.4%","25.4%",".137",".267",".220",".261",".356",".269",".244","70","-0.1","-7.8","0.5","0.0","45","30","8","1","12","57","1","2",".617","1.16","19.9%","43.0%","37.1%","3.6%","10.7%","6.2%","28.3%","61.8%","42.5%","64.3%","87.0%","78.3%","42.3%","9.2%","31.2%","31.0%",".209","86.6","13.5","1.9%","104.1",".291","16417"
"Jose Siri","- - -","104","325","7","53","24","14","6.2%","33.2%",".126",".305",".213",".268",".339",".268",".261","75","5.6","-3.4","11.4","1.9","64","42","13","2","20","108","3","2",".607","1.17","21.1%","42.6%","36.3%","13.0%","10.1%","7.4%","39.8%","69.8%","51.5%","53.6%","76.9%","66.0%","39.2%","17.5%","33.0%","33.7%",".207","87.2","15.4","6.2%","112.0",".323","17452"
"Miguel Rojas","MIA","140","507","6","34","36","9","5.1%","12.0%",".087",".258",".236",".283",".323",".268",".293","73","-4.0","-19.9","14.3","1.2","111","84","19","2","26","61","6","3",".605","1.46","20.8%","47.0%","32.2%","9.8%","4.5%","5.2%","34.4%","66.8%","47.6%","70.9%","95.9%","85.2%","40.7%","7.0%","26.8%","25.0%",".264","86.1","10.1","1.9%","109.1",".347","7802"
"Vimael Machin","OAK","73","253","1","26","13","1","9.9%","18.6%",".067",".270",".220",".300",".287",".268",".301","77","-1.2","-7.7","-1.7","-0.1","49","36","12","0","25","47","2","1",".587","1.28","23.5%","43.0%","33.5%","5.0%","1.7%","1.3%","30.6%","66.2%","44.6%","73.1%","90.8%","83.4%","39.3%","7.4%","39.1%","25.2%",".243","89.3","10.2","3.9%","108.5",".343","17684"
"Nick Madrigal","CHC","59","228","0","19","7","3","6.1%","11.8%",".033",".286",".249",".305",".282",".267",".283","70","-0.4","-8.2","2.2","0.2","52","45","7","0","14","27","3","1",".588","3.33","21.0%","60.8%","18.2%","6.1%","0.0%","7.3%","31.9%","61.0%","44.3%","84.3%","95.6%","90.9%","42.7%","4.0%","23.9%","26.5%",".256","85.9","-0.2","0.0%","106.5",".311","20521"
"CJ Abrams","- - -","90","302","2","33","21","7","1.7%","16.6%",".077",".291",".246",".280",".324",".267",".266","71","1.7","-8.5","-4.5","-0.3","70","54","12","2","5","50","9","4",".604","1.62","17.7%","50.9%","31.5%","12.3%","2.7%","10.2%","43.8%","72.5%","56.6%","68.6%","87.4%","79.3%","44.5%","11.7%","30.7%","25.7%",".241","86.5","6.8","2.1%","109.6",".316","25768"
"Garrett Hampson","COL","90","226","2","29","15","12","9.3%","27.9%",".095",".294",".211",".287",".307",".267",".261","55","1.6","-10.3","-1.6","-0.4","42","30","7","3","21","63","1","2",".594","1.37","16.2%","48.5%","35.4%","8.7%","4.3%","3.2%","29.1%","61.0%","43.0%","56.8%","87.7%","75.9%","43.5%","10.4%","27.7%","30.2%",".202","86.5","10.2","4.3%","107.0",".290","19262"
"Aristides Aquino","CIN","80","276","10","24","30","2","6.2%","36.6%",".166",".277",".197",".246",".363",".267",".243","63","1.6","-10.4","7.4","0.7","51","28","13","0","17","101","0","3",".609","0.87","18.4%","38.0%","43.7%","17.4%","14.5%","8.3%","43.2%","77.3%","56.6%","49.0%","78.1%","64.6%","39.4%","20.0%","34.2%","30.6%",".180","85.6","17.4","8.2%","113.6",".317","15482"
"J.J. Bleday","MIA","65","238","5","21","16","4","12.6%","28.2%",".142",".216",".167",".277",".309",".266",".280","72","0.8","-7.1","-3.8","-0.3","34","17","10","2","30","67","2","1",".586","0.45","23.7%","23.7%","52.5%","15.1%","6.8%","6.1%","27.8%","73.8%","46.6%","62.7%","81.6%","74.9%","40.8%","11.7%","33.8%","25.8%",".190","86.3","25.0","8.6%","107.9",".315","26368"
"Roman Quinn","- - -","44","87","0","15","7","4","8.0%","41.4%",".089",".395",".215",".287",".304",".266",".244","73","0.3","-2.5","2.4","0.3","17","12","3","2","7","36","1","3",".591","0.53","29.7%","24.3%","45.9%","5.9%","0.0%","0.0%","29.5%","65.6%","45.5%","43.9%","79.2%","66.5%","44.4%","15.3%","41.9%","31.7%",".188","91.3","23.3","4.7%","107.4",".268","13546"
"Oscar Mercado","- - -","55","128","4","17","16","2","3.9%","22.7%",".165",".236",".207",".242",".372",".266",".258","70","0.0","-4.3","-4.5","-0.5","25","14","6","1","5","29","1","2",".614","0.63","16.1%","32.3%","51.6%","18.8%","8.3%","6.7%","37.6%","82.7%","56.5%","57.3%","85.9%","74.8%","41.8%","14.2%","29.0%","24.8%",".203","86.3","22.2","6.5%","106.3",".350","16375"
"Jacob Stallings","MIA","114","384","4","25","34","0","7.6%","21.6%",".069",".280",".223",".292",".292",".265",".274","71","-5.3","-18.2","-0.6","-0.6","77","61","12","0","29","83","6","1",".584","1.09","19.3%","42.0%","38.6%","6.9%","3.9%","1.8%","30.3%","63.4%","43.7%","62.4%","90.5%","78.9%","40.5%","9.2%","32.0%","29.4%",".221","86.7","12.9","3.4%","109.5",".312","13723"
"Luke Williams","- - -","79","136","1","21","6","11","6.6%","32.4%",".079",".354",".236",".287",".315",".265",".233","71","1.1","-3.5","2.1","0.3","30","23","5","1","9","44","0","4",".602","1.03","21.3%","40.0%","38.8%","12.9%","3.2%","12.5%","32.9%","72.4%","49.1%","53.3%","84.4%","72.1%","40.9%","13.7%","22.9%","29.6%",".198","83.3","16.7","3.6%","105.7",".272","19931"
"Kyle Isbel","KCR","106","278","5","32","28","9","5.8%","27.0%",".129",".275",".211",".264",".340",".265",".266","67","-0.8","-11.1","9.1","0.7","54","35","10","4","16","75","3","6",".603","1.15","19.3%","43.1%","37.6%","17.6%","7.4%","5.1%","31.8%","64.7%","45.7%","67.0%","89.8%","80.6%","42.3%","8.8%","44.6%","27.8%",".220","89.7","10.6","4.9%","111.2",".323","21614"
"Tomas Nido","NYM","98","313","3","31","28","0","4.5%","24.3%",".085",".314",".239",".276",".324",".265",".287","74","-7.0","-16.3","14.8","0.9","68","50","15","0","14","76","1","0",".600","1.72","20.9%","50.0%","29.1%","1.7%","5.0%","6.8%","44.8%","81.8%","59.5%","59.0%","74.6%","67.6%","39.7%","19.3%","32.9%","28.7%",".242","86.4","8.4","6.3%","107.4",".377","13755"
"Cam Gallagher","KCR","18","47","0","1","5","0","6.4%","27.7%",".119",".310",".214",".267",".333",".265",".220","66","0.2","-1.6","0.4","0.0","9","4","5","0","3","13","0","0",".600","0.85","14.3%","39.3%","46.4%","7.7%","0.0%","0.0%","30.3%","73.3%","48.9%","73.3%","85.5%","81.2%","43.1%","9.2%","25.8%","24.1%",".187","85.8","16.3","0.0%","110.2",".242","12981"
"Martin Maldonado","HOU","113","379","15","40","45","0","5.8%","30.6%",".166",".228",".186",".248",".352",".264",".253","70","-3.9","-16.6","9.4","0.5","64","37","12","0","22","116","7","0",".600","1.04","17.0%","42.4%","40.6%","7.5%","16.1%","1.0%","35.4%","69.4%","49.9%","48.9%","85.0%","70.3%","42.8%","14.8%","40.2%","30.7%",".181","88.4","14.7","8.1%","109.2",".325","6887"
"Romy Gonzalez","CHW","32","109","2","15","11","0","1.8%","35.8%",".114",".354",".238",".257",".352",".264",".265","69","-0.6","-4.4","1.1","0.0","25","18","4","1","2","39","1","1",".609","1.76","12.1%","56.1%","31.8%","0.0%","9.5%","5.4%","40.9%","69.1%","53.7%","50.0%","76.4%","65.4%","45.3%","18.6%","49.3%","34.9%",".228","91.2","3.3","9.0%","110.5",".359","21562"
"Pablo Reyes","MIL","6","16","0","1","0","0","6.3%","12.5%",".000",".308",".267",".313",".267",".264",".187","67","0.1","-0.5","0.0","0.0","4","4","0","0","1","2","0","0",".579","1.75","8.3%","58.3%","33.3%","0.0%","0.0%","42.9%","40.6%","59.3%","49.2%","76.9%","100.0%","89.7%","45.8%","5.1%","7.7%","30.5%",".160","83.6","1.1","0.0%","100.6",".186","16357"
"Cody Thomas","OAK","10","32","0","1","0","0","6.3%","37.5%",".000",".444",".267",".313",".267",".264",".240","75","0.0","-1.0","-1.1","-0.1","8","8","0","0","2","12","0","0",".579","1.60","27.8%","44.4%","27.8%","0.0%","0.0%","0.0%","42.6%","87.7%","63.2%","34.5%","62.0%","51.9%","45.6%","30.4%","38.9%","36.0%",".216","89.5","9.3","0.0%","106.9",".269","19828"
"Jonathan Aranda","TBR","32","87","2","10","6","0","9.2%","26.4%",".128",".245",".192",".276",".321",".264",".279","74","0.7","-1.8","-2.8","-0.2","15","9","4","0","8","23","1","0",".596","1.67","12.7%","54.5%","32.7%","5.6%","11.1%","3.3%","28.0%","65.3%","44.1%","71.7%","88.3%","82.3%","43.2%","7.8%","45.5%","29.6%",".205","91.1","5.9","7.3%","108.0",".348","21837"
"Yasmani Grandal","CHW","99","376","5","15","27","1","12.0%","21.0%",".067",".249",".202",".301",".269",".263",".290","68","-6.2","-19.7","4.1","-0.4","66","54","7","0","45","79","2","0",".570","1.19","21.2%","42.8%","36.0%","12.2%","5.6%","2.8%","24.4%","59.4%","39.7%","68.5%","86.5%","80.3%","43.7%","7.8%","39.6%","28.6%",".217","90.0","12.1","4.8%","110.2",".319","11368"
"Brad Miller","TEX","81","241","7","20","32","4","7.5%","29.0%",".108",".274",".212",".270",".320",".263",".269","69","-1.1","-9.6","-8.9","-1.1","47","37","3","0","18","70","0","2",".590","1.03","17.1%","42.1%","40.8%","9.7%","11.3%","12.5%","33.7%","73.6%","50.6%","48.6%","77.2%","66.2%","42.4%","17.1%","39.9%","31.7%",".205","91.1","14.1","7.8%","110.7",".344","12775"
"Travis Demeritte","ATL","26","96","3","9","6","0","6.3%","33.3%",".124",".291",".213",".260",".337",".263",".263","65","-1.4","-5.3","-2.8","-0.5","19","14","2","0","6","32","0","0",".597","1.53","17.2%","50.0%","32.8%","10.5%","15.8%","3.4%","27.4%","62.4%","43.3%","57.9%","71.3%","66.7%","45.4%","14.4%","37.9%","35.2%",".211","88.8","9.7","6.9%","109.5",".333","15958"
"Brian Serven","COL","62","205","6","19","16","0","6.3%","21.5%",".128",".232",".203",".261",".332",".263",".254","52","-0.9","-12.3","9.9","0.5","38","27","4","1","13","44","2","0",".593","1.28","20.3%","44.8%","35.0%","16.0%","12.0%","3.1%","40.7%","73.2%","54.5%","64.5%","81.5%","74.2%","42.6%","14.1%","28.8%","27.6%",".212","84.5","12.5","2.7%","105.8",".291","19422"
"Connor Wong","BOS","27","56","1","8","7","0","8.9%","28.6%",".125",".250",".188",".273",".313",".263",".281","63","0.8","-1.6","0.6","0.1","9","5","3","0","5","16","1","0",".585","2.10","6.1%","63.6%","30.3%","20.0%","10.0%","4.8%","36.9%","63.7%","48.0%","54.2%","86.2%","71.7%","41.2%","13.6%","32.4%","30.8%",".184","89.8","5.1","11.8%","110.3",".367","19896"
"Cooper Hummel","ARI","66","201","3","20","17","4","11.4%","31.8%",".131",".255",".176",".274",".307",".262",".292","65","0.1","-8.1","-6.1","-0.8","31","17","8","3","23","64","1","1",".580","1.33","17.7%","46.9%","35.4%","15.0%","7.5%","9.4%","22.7%","64.0%","40.9%","52.9%","84.8%","74.9%","44.1%","10.3%","35.4%","29.9%",".210","87.6","7.7","7.1%","110.9",".332","19458"
"Marcus Wilson","SEA","3","6","0","1","0","0","16.7%","66.7%",".000","1.000",".200",".333",".200",".262",".265","73","0.1","-0.1","-0.1","0.0","1","1","0","0","1","4","0","0",".533","0.00","100.0%","0.0%","0.0%","0.0%","0.0%","0.0%","26.7%","60.0%","43.3%","50.0%","77.8%","69.2%","50.0%","13.3%","100.0%","33.3%",".183","95.1","14.5","0.0%","95.1",".227","17910"
"Eguy Rosario","SDP","7","6","0","0","0","0","16.7%","33.3%",".000",".333",".200",".333",".200",".262",".139","70","0.1","-0.1","0.3","0.0","1","1","0","0","1","2","0","0",".533","0.50","0.0%","33.3%","66.7%","50.0%","0.0%","100.0%","23.1%","54.5%","37.5%","33.3%","66.7%","55.6%","45.8%","16.7%","0.0%","37.5%",".033","79.3","38.6","0.0%","88.9",".036","19964"
"Josh Smith","TEX","73","253","2","23","16","4","11.1%","19.8%",".052",".244",".197",".307",".249",".262",".296","68","0.3","-8.9","1.2","0.0","42","35","5","0","28","50","7","3",".556","0.80","23.9%","33.7%","42.3%","17.4%","2.9%","5.5%","23.5%","62.8%","40.5%","65.0%","86.6%","79.5%","43.1%","8.3%","28.6%","27.5%",".224","87.0","19.2","2.4%","105.4",".313","26396"
"Wynton Bernard","COL","12","42","0","9","3","3","0.0%","19.0%",".024",".353",".286",".286",".310",".262",".226","51","0.5","-1.9","0.1","0.0","12","11","1","0","0","8","0","1",".595","3.83","14.7%","67.6%","17.6%","16.7%","0.0%","26.1%","42.9%","69.7%","55.1%","74.4%","79.2%","77.2%","45.5%","12.6%","26.5%","27.5%",".236","84.6","-6.5","0.0%","106.6",".279","13408"
"Skye Bolt","OAK","42","116","4","10","13","5","6.0%","25.9%",".132",".233",".198",".259",".330",".261",".258","73","1.1","-2.5","0.5","0.2","21","15","2","0","7","30","2","0",".589","1.28","13.2%","48.7%","38.2%","6.9%","13.8%","2.7%","30.5%","70.2%","46.8%","62.1%","79.9%","73.0%","41.0%","12.6%","33.8%","29.0%",".194","89.2","9.3","5.2%","107.8",".321","17723"
"Luis Torrens","SEA","57","166","3","13","15","0","7.2%","30.1%",".073",".310",".225",".283",".298",".261",".284","72","-1.4","-6.6","-1.8","-0.3","34","29","2","0","12","50","1","0",".581","1.71","26.2%","46.6%","27.2%","3.6%","10.7%","2.1%","29.6%","68.3%","47.1%","50.0%","88.5%","75.2%","45.2%","11.7%","45.6%","30.0%",".236","90.3","8.9","4.9%","107.8",".333","15905"
"Ezequiel Tovar","COL","9","35","1","2","2","0","5.7%","25.7%",".121",".261",".212",".257",".333",".261",".300","51","0.2","-1.8","-0.6","-0.1","7","5","1","0","2","9","0","0",".590","1.50","16.7%","50.0%","33.3%","0.0%","12.5%","0.0%","43.4%","82.0%","58.7%","48.5%","85.4%","68.9%","39.7%","18.3%","33.3%","28.6%",".249","88.6","8.5","12.5%","106.0",".390","24064"
"Maikel Franco","WSN","103","388","9","31","39","1","3.1%","19.3%",".113",".262",".229",".255",".342",".261",".272","64","-3.6","-19.8","-1.2","-0.8","85","61","15","0","12","75","2","0",".597","1.24","19.7%","44.5%","35.8%","16.8%","8.4%","6.0%","42.5%","69.1%","53.6%","62.4%","84.6%","74.3%","41.7%","13.8%","34.4%","29.8%",".243","87.0","11.5","4.7%","112.1",".351","12179"
"Tyler Nevin","BAL","58","184","2","17","16","0","10.9%","25.0%",".064",".259",".197",".299",".261",".261",".293","67","-1.2","-8.0","-3.6","-0.6","31","25","4","0","20","46","4","0",".560","1.00","22.8%","38.6%","38.6%","11.4%","4.5%","9.1%","28.6%","69.5%","45.6%","58.3%","86.5%","76.2%","41.7%","10.8%","37.7%","27.1%",".214","87.3","17.7","3.5%","107.0",".326","17893"
"Eli White","TEX","47","117","3","16","10","12","9.4%","35.0%",".105",".290",".200",".274",".305",".260",".255","67","4.2","-0.2","5.3","0.9","21","16","2","0","11","41","0","1",".578","0.63","21.4%","30.4%","48.2%","11.1%","11.1%","5.9%","26.5%","71.3%","46.2%","43.9%","69.1%","61.0%","43.9%","18.0%","29.2%","35.4%",".183","86.4","21.5","4.6%","105.2",".293","19346"
"Kole Calhoun","TEX","125","424","12","36","49","3","6.4%","32.1%",".134",".263",".196",".257",".330",".260",".294","67","-0.8","-16.8","-7.2","-1.1","76","49","14","1","27","136","6","2",".587","1.01","24.3%","38.0%","37.6%","9.4%","12.5%","2.1%","36.2%","79.6%","53.1%","51.3%","75.1%","65.2%","38.9%","18.5%","48.2%","30.1%",".223","90.8","15.4","9.8%","109.9",".382","11200"
"Victor Robles","WSN","132","407","6","42","33","15","4.2%","25.6%",".087",".292",".224",".273",".311",".260",".244","64","2.8","-14.3","3.9","0.3","82","64","10","2","17","104","9","4",".584","1.03","20.7%","40.2%","39.0%","12.5%","6.3%","7.1%","35.3%","72.9%","52.2%","57.5%","83.6%","73.8%","44.9%","13.6%","23.8%","27.5%",".203","84.6","15.8","3.2%","109.7",".280","18363"
"Brett Baty","NYM","11","42","2","4","5","0","4.8%","19.0%",".158",".179",".184",".244",".342",".260",".332","71","-0.8","-2.2","-0.2","-0.1","7","5","0","0","2","8","1","0",".586","1.78","16.7%","53.3%","30.0%","0.0%","22.2%","0.0%","29.6%","72.3%","48.6%","45.8%","93.6%","77.5%","44.5%","11.0%","35.5%","28.1%",".287","91.1","10.0","6.5%","113.0",".414","26123"
"Kevin Plawecki","- - -","64","186","1","15","13","0","7.5%","17.2%",".065",".265",".220",".286",".286",".259",".268","61","-1.8","-10.0","-1.0","-0.5","37","28","8","0","14","32","2","0",".572","1.41","19.0%","47.4%","33.6%","13.0%","2.2%","3.1%","32.4%","64.7%","46.4%","67.2%","89.8%","80.9%","43.4%","8.9%","37.7%","27.2%",".228","89.3","11.4","0.0%","109.2",".299","13807"
"Tim Locastro","NYY","38","46","2","13","4","8","4.3%","15.2%",".163",".176",".186",".239",".349",".259",".316","67","1.7","-0.1","-1.4","0.0","8","5","1","0","2","7","1","2",".588","1.08","25.0%","38.9%","36.1%","23.1%","15.4%","21.4%","41.4%","68.4%","54.2%","75.0%","75.9%","75.6%","47.6%","13.3%","25.0%","28.9%",".253","86.5","11.8","5.6%","108.1",".416","15124"
"Avisail Garcia","MIA","98","380","8","31","35","4","4.5%","28.7%",".092",".298",".224",".266",".317",".258",".281","66","-1.2","-16.1","-2.1","-0.6","80","63","9","0","17","109","4","0",".582","2.11","18.0%","55.6%","26.4%","3.0%","12.1%","10.8%","44.5%","84.4%","59.0%","46.9%","81.9%","65.2%","36.5%","20.6%","44.8%","29.2%",".230","88.7","2.8","6.4%","116.8",".366","5760"
"Eddie Rosario","ATL","80","270","5","27","24","3","6.3%","25.2%",".116",".267",".212",".259",".328",".258",".250","61","1.3","-10.8","-8.9","-1.1","53","35","12","1","17","68","0","0",".587","0.96","19.7%","39.3%","41.0%","8.0%","6.7%","9.7%","42.0%","71.3%","52.9%","59.8%","81.3%","70.6%","37.3%","15.5%","33.0%","30.8%",".200","87.7","15.2","5.4%","107.3",".318","12155"
"Max Stassi","LAA","102","375","9","32","30","0","10.1%","29.9%",".123",".239",".180",".267",".303",".258",".266","63","-2.7","-18.2","6.5","0.0","60","38","12","1","38","112","2","0",".571","1.38","9.9%","52.3%","37.8%","13.1%","10.7%","7.8%","25.3%","69.8%","44.1%","47.6%","79.7%","69.0%","42.2%","13.6%","38.6%","30.0%",".180","88.6","9.5","9.4%","107.5",".325","10059"
"J.J. Matijevic","HOU","32","71","2","7","5","1","2.8%","35.2%",".119",".300",".209",".254",".328",".258",".259","66","0.3","-2.4","-1.4","-0.2","14","10","2","0","2","25","2","0",".582","2.18","16.7%","57.1%","26.2%","9.1%","18.2%","4.2%","39.9%","69.4%","51.8%","41.5%","88.3%","66.9%","40.5%","17.2%","40.5%","33.2%",".213","88.8","8.9","2.4%","109.4",".325","20165"
"Stephen Piscotty","OAK","42","139","5","12","14","2","6.5%","34.5%",".151",".253",".190",".252",".341",".258",".275","70","-0.6","-5.2","-4.0","-0.5","24","15","4","0","9","48","2","0",".593","1.48","22.5%","46.3%","31.3%","4.0%","20.0%","2.7%","41.2%","80.0%","55.2%","39.7%","80.6%","61.1%","36.1%","21.5%","46.3%","34.1%",".216","90.4","10.4","6.3%","107.9",".353","13367"
"Richie Palacios","CLE","54","123","0","7","10","2","7.3%","16.3%",".054",".280",".232",".293",".286",".258",".277","65","0.3","-4.6","-2.8","-0.4","26","20","6","0","9","20","1","0",".578","1.35","20.7%","45.7%","33.7%","16.1%","0.0%","4.8%","31.3%","69.4%","47.8%","74.7%","89.0%","83.7%","43.3%","7.8%","21.5%","23.0%",".244","85.0","13.5","1.1%","104.7",".310","24589"
"Jake Meyers","HOU","52","160","1","13","15","2","4.4%","33.8%",".087",".344",".227",".269",".313",".258",".251","65","0.6","-5.7","3.8","0.3","34","25","6","2","7","54","2","1",".582","2.13","21.1%","53.7%","25.3%","4.2%","4.2%","5.9%","33.2%","67.0%","47.4%","55.7%","82.7%","71.8%","42.0%","13.4%","37.1%","31.7%",".205","87.3","7.2","5.2%","107.8",".292","20308"
"Luis Campusano","SDP","16","50","1","4","5","0","2.0%","22.0%",".083",".297",".250",".260",".333",".257",".258","67","-0.3","-2.3","-1.5","-0.2","12","10","1","0","1","11","0","0",".593","1.06","13.2%","44.7%","42.1%","18.8%","6.3%","17.6%","54.0%","77.0%","62.7%","57.4%","85.1%","70.3%","37.9%","18.6%","36.8%","31.7%",".230","87.7","16.4","5.3%","107.8",".355","22217"
"Jonah Bride","OAK","58","187","1","17","6","1","10.2%","17.1%",".043",".246",".204",".301",".247",".257",".282","70","-1.5","-7.9","0.6","-0.1","33","28","4","0","19","32","4","0",".548","1.31","20.6%","45.0%","34.4%","8.9%","2.2%","6.8%","26.5%","48.8%","35.9%","76.2%","90.2%","84.3%","42.2%","5.6%","31.1%","31.4%",".217","86.9","11.5","1.5%","109.0",".300","24703"
"Myles Straw","CLE","152","596","0","72","32","21","9.1%","14.6%",".052",".261",".221",".291",".273",".257",".275","64","7.6","-16.4","16.3","2.0","118","93","22","3","54","87","1","1",".564","1.40","19.1%","47.2%","33.7%","6.6%","0.0%","8.0%","23.4%","59.9%","40.4%","78.4%","93.9%","89.1%","46.4%","4.4%","26.4%","27.1%",".236","87.0","9.8","0.7%","104.8",".301","17620"
"Marwin Gonzalez","NYY","86","207","6","20","18","3","6.8%","26.1%",".136",".222",".185",".255",".321",".257",".282","65","-1.1","-9.2","3.1","0.0","34","21","7","0","14","54","4","0",".576","0.91","23.5%","36.4%","40.2%","22.6%","11.3%","4.2%","38.1%","66.1%","49.5%","64.3%","89.2%","77.9%","40.9%","10.9%","37.0%","28.0%",".217","88.0","19.4","5.9%","107.0",".345","5497"
"Akil Baddoo","DET","73","225","2","30","9","9","10.7%","28.4%",".065",".289",".204",".289",".269",".256",".253","65","2.2","-6.6","-2.5","-0.2","41","34","3","2","24","64","0","6",".558","1.06","17.8%","42.2%","40.0%","18.5%","3.7%","17.5%","31.1%","68.9%","46.5%","58.0%","85.2%","74.4%","40.7%","11.9%","27.0%","26.9%",".192","85.0","14.2","3.6%","108.5",".270","22168"
"Adam Engel","CHW","119","260","2","32","17","12","4.2%","29.2%",".086",".317",".224",".269",".310",".256",".246","63","2.1","-8.6","-1.1","-0.1","55","39","13","1","11","76","4","4",".579","1.00","21.4%","39.3%","39.3%","13.6%","3.0%","7.6%","32.4%","67.4%","46.9%","48.9%","81.9%","68.6%","41.4%","14.7%","32.5%","31.9%",".219","87.9","15.0","1.8%","111.2",".287","15082"
"Meibrys Viloria","TEX","26","75","2","10","5","0","14.7%","38.7%",".111",".242",".159",".280",".270",".256",".243","63","1.6","-1.5","5.4","0.7","10","7","1","0","11","29","0","0",".550","1.20","5.7%","51.4%","42.9%","0.0%","13.3%","5.6%","19.6%","59.5%","37.2%","47.4%","74.7%","66.7%","44.1%","12.4%","37.1%","34.9%",".142","88.4","5.6","8.6%","105.2",".247","17109"
"Dominic Smith","NYM","58","152","0","11","17","0","7.9%","24.3%",".090",".263",".194",".276",".284",".254",".293","67","1.7","-4.2","-1.9","-0.1","26","15","10","1","12","37","4","0",".560","1.31","16.2%","47.5%","36.4%","2.8%","0.0%","2.1%","28.8%","69.2%","45.4%","57.1%","88.4%","76.7%","41.1%","10.6%","46.5%","27.7%",".219","89.6","10.9","7.1%","107.2",".360","15653"
"Kurt Suzuki","LAA","51","159","4","10","15","0","9.4%","18.2%",".115",".194",".180",".266",".295",".254",".255","60","-2.4","-9.5","-3.6","-0.8","25","17","4","0","15","29","2","0",".561","0.57","18.8%","29.5%","51.8%","24.1%","6.9%","0.0%","31.5%","69.9%","48.1%","63.2%","91.6%","81.1%","43.2%","9.1%","26.5%","24.8%",".191","85.2","24.1","3.5%","104.2",".281","8259"
"Jason Heyward","CHC","48","151","1","15","10","1","7.3%","21.2%",".073",".260",".204",".278",".277",".253",".278","61","-0.1","-7.0","-1.6","-0.4","28","21","5","1","11","32","3","0",".556","1.20","16.2%","45.7%","38.1%","17.5%","2.5%","8.3%","33.2%","68.1%","48.1%","63.2%","82.7%","75.0%","42.7%","12.0%","38.1%","28.1%",".218","87.6","13.1","4.8%","111.1",".322","4940"
"Sheldon Neuse","OAK","89","293","4","25","26","6","6.8%","27.3%",".074",".289",".214",".273",".288",".253",".254","67","1.3","-9.6","-4.8","-0.5","58","48","4","2","20","80","2","1",".561","3.49","17.8%","63.9%","18.3%","5.7%","11.4%","6.6%","35.0%","72.7%","50.7%","53.6%","88.0%","74.1%","41.6%","13.1%","38.2%","28.6%",".212","89.1","1.5","3.1%","108.3",".291","19635"
"Tucker Barnhart","DET","94","308","1","16","16","0","8.1%","24.0%",".046",".296",".221",".287",".267",".253",".244","63","-1.7","-14.6","2.4","-0.2","62","51","10","0","25","74","1","0",".554","1.76","16.2%","53.4%","30.4%","14.5%","1.6%","4.6%","30.1%","67.8%","46.1%","65.7%","89.6%","80.6%","42.3%","8.9%","25.5%","26.2%",".201","84.5","10.1","1.9%","105.2",".264","10200"
"Geraldo Perdomo","ARI","148","500","5","58","40","9","10.0%","20.6%",".067",".243",".195",".285",".262",".253",".269","58","5.4","-18.7","7.9","0.6","84","67","10","2","50","103","5","2",".547","1.47","21.5%","46.7%","31.9%","16.8%","5.0%","4.1%","24.0%","59.9%","40.1%","71.0%","88.3%","82.6%","44.9%","7.0%","24.9%","27.9%",".213","85.0","12.1","2.0%","104.7",".282","22799"
"Dairon Blanco","KCR","5","7","0","1","2","1","0.0%","57.1%",".000",".667",".286",".286",".286",".253",".056","58","0.0","-0.3","0.7","0.1","2","2","0","0","0","4","0","0",".571","3.00","0.0%","100.0%","0.0%","0.0%","0.0%","0.0%","47.4%","57.1%","50.0%","55.6%","75.0%","61.5%","26.9%","19.2%","0.0%","34.6%",".060","83.5","-11.8","0.0%","93.9",".064","19779"
"Taylor Walls","TBR","142","466","8","53","33","10","11.2%","25.8%",".113",".221",".172",".268",".285",".252",".270","66","3.2","-14.5","-5.0","-0.5","70","42","18","2","52","120","2","3",".553","0.89","20.9%","37.3%","41.8%","5.8%","6.7%","8.4%","23.9%","66.3%","42.6%","65.2%","81.5%","76.4%","44.0%","10.1%","28.1%","28.8%",".196","86.3","16.6","6.2%","105.7",".304","22458"
"Mark Vientos","NYM","16","41","1","3","3","0","12.2%","29.3%",".111",".217",".167",".268",".278",".252",".280","65","-0.1","-1.8","-1.7","-0.2","6","4","1","0","5","12","0","0",".546","1.09","4.2%","50.0%","45.8%","0.0%","9.1%","0.0%","32.1%","75.7%","49.7%","65.7%","75.0%","71.4%","40.4%","14.2%","45.8%","26.8%",".187","93.3","13.1","8.3%","111.9",".329","22184"
"Jackie Bradley Jr.","- - -","132","370","4","30","38","2","6.5%","20.8%",".108",".251",".203",".255",".311",".252",".268","56","-0.7","-18.9","6.2","-0.1","70","42","23","1","24","77","0","3",".566","1.56","17.0%","50.6%","32.5%","11.6%","4.7%","3.7%","32.2%","70.8%","49.3%","62.7%","78.6%","72.8%","44.3%","13.4%","37.2%","29.6%",".223","87.6","7.4","4.8%","107.6",".330","12984"
"Didi Gregorius","PHI","63","232","1","17","19","1","5.6%","15.5%",".093",".246",".210",".263",".304",".251",".275","58","2.1","-9.3","-1.1","-0.3","45","31","9","4","13","36","3","0",".567","0.97","19.1%","39.9%","41.0%","17.8%","1.4%","5.6%","44.8%","82.4%","60.2%","63.3%","91.4%","79.1%","41.1%","12.6%","22.8%","21.4%",".237","84.5","15.8","2.8%","106.5",".327","6012"
"Robinson Chirinos","BAL","67","220","4","10","22","1","8.6%","30.5%",".108",".248",".179",".265",".287",".251",".245","61","-1.2","-10.9","-11.4","-1.6","35","22","9","0","19","67","4","0",".552","0.96","18.1%","40.2%","41.7%","17.0%","7.5%","7.8%","35.6%","72.2%","49.9%","50.8%","81.3%","68.1%","39.2%","15.9%","33.1%","29.8%",".168","84.8","17.6","6.9%","107.6",".281","3142"
"Josh VanMeter","PIT","67","192","3","15","14","4","9.9%","23.4%",".105",".232",".187",".266",".292",".251",".288","59","1.1","-8.1","-1.5","-0.3","32","22","5","2","19","45","0","0",".558","0.87","18.9%","37.8%","43.3%","5.5%","5.5%","6.3%","18.9%","55.2%","36.3%","60.8%","88.7%","81.2%","48.0%","6.8%","33.6%","32.3%",".224","88.1","14.3","4.7%","104.9",".341","15170"
"Sam Hilliard","COL","70","200","2","26","14","5","11.5%","28.5%",".080",".256",".184",".280",".264",".251",".303","44","1.8","-11.2","-0.7","-0.5","32","23","6","1","23","57","1","1",".544","1.20","18.5%","44.5%","37.0%","11.4%","4.5%","9.4%","23.8%","69.9%","43.7%","49.2%","74.4%","66.6%","43.1%","14.6%","48.7%","30.7%",".216","92.0","13.4","9.2%","115.1",".361","17954"
"Nicky Lopez","KCR","142","480","0","51","20","13","6.0%","13.1%",".046",".265",".227",".281",".273",".251",".273","57","5.2","-18.2","14.7","1.2","99","83","12","4","29","63","4","3",".554","2.20","21.1%","54.2%","24.7%","13.2%","0.0%","4.5%","33.5%","67.8%","48.4%","78.1%","88.8%","84.6%","43.5%","7.4%","22.4%","24.3%",".243","84.9","4.9","1.6%","106.7",".312","19339"
"Jonathan Villar","- - -","59","220","3","25","18","7","6.8%","26.8%",".094",".275",".208",".260",".302",".250",".247","58","2.2","-8.4","-11.6","-1.3","42","31","6","2","15","59","0","0",".562","2.69","17.5%","60.1%","22.4%","3.1%","9.4%","10.5%","34.0%","75.7%","50.4%","59.7%","76.2%","69.5%","39.3%","15.4%","39.7%","26.8%",".208","89.6","-0.7","2.7%","109.5",".283","10071"
"Derek Hill","DET","31","92","1","8","3","3","5.4%","30.4%",".060",".327",".229",".270",".289",".249",".230","60","0.8","-3.3","2.0","0.2","19","16","2","0","5","28","0","0",".559","1.67","21.6%","49.0%","29.4%","6.7%","6.7%","12.0%","37.0%","65.2%","48.2%","52.7%","86.0%","70.6%","39.8%","14.2%","30.5%","29.5%",".193","85.2","6.6","3.4%","110.3",".242","16947"
"Tucupita Marcano","PIT","49","177","2","18","13","2","5.6%","24.9%",".100",".270",".206",".256",".306",".249",".213","57","1.0","-7.8","0.8","-0.1","33","23","6","2","10","44","1","1",".562","1.19","17.5%","44.7%","37.7%","16.3%","4.7%","11.8%","28.6%","64.9%","45.1%","61.9%","90.4%","80.5%","45.4%","8.8%","17.2%","28.0%",".176","84.7","11.1","1.6%","103.8",".243","22871"
"Andy Ibanez","TEX","40","128","1","13","9","3","7.0%","16.4%",".059",".258",".218",".273",".277",".249",".272","59","1.3","-4.7","-1.0","-0.2","26","21","4","0","9","21","0","0",".551","0.95","12.2%","42.9%","44.9%","11.4%","2.3%","7.1%","27.2%","73.5%","46.8%","63.0%","90.3%","81.1%","42.2%","8.8%","39.8%","25.9%",".214","88.3","14.9","6.1%","104.3",".344","18819"
"Stephen Vogt","OAK","70","191","7","18","23","1","8.9%","24.1%",".161",".168",".161",".241",".321",".249",".282","64","0.0","-7.8","-4.5","-0.6","27","15","4","1","17","46","2","0",".562","0.56","17.6%","29.6%","52.8%","9.1%","10.6%","2.7%","33.6%","65.9%","46.2%","59.6%","87.5%","75.2%","39.1%","11.5%","27.8%","29.3%",".211","87.0","21.0","7.9%","106.8",".350","5000"
"Willie Calhoun","- - -","22","62","1","7","3","0","14.5%","12.9%",".115",".140",".135",".274",".250",".249",".309","59","-0.7","-3.6","-1.5","-0.3","7","3","3","0","9","8","1","0",".524","0.73","13.6%","36.4%","50.0%","22.7%","4.5%","0.0%","19.3%","60.2%","36.5%","76.9%","91.5%","87.1%","42.1%","4.7%","38.6%","25.3%",".215","89.4","14.2","2.3%","110.4",".327","17838"
"Riley Adams","WSN","48","155","5","14","10","0","7.7%","29.7%",".134",".220",".176",".245",".310",".249",".276","56","-1.1","-9.1","-7.9","-1.2","25","16","4","0","12","46","1","1",".555","1.10","14.6%","44.8%","40.6%","10.3%","12.8%","9.3%","36.2%","61.0%","45.4%","56.8%","87.1%","71.9%","37.3%","12.7%","45.8%","32.8%",".200","90.2","13.5","9.4%","115.0",".354","19864"
"Rene Pinto","TBR","25","83","2","5","10","0","2.4%","42.2%",".113",".349",".213",".241",".325",".249",".219","63","-0.7","-4.1","1.7","0.0","17","12","3","0","2","35","1","0",".566","1.38","15.6%","48.9%","35.6%","6.3%","12.5%","4.5%","40.4%","76.1%","56.0%","50.0%","75.9%","65.4%","43.7%","19.4%","40.0%","32.3%",".187","89.1","12.6","4.4%","111.3",".278","19859"
"Nick Plummer","NYM","14","31","2","4","6","0","3.2%","38.7%",".241",".133",".138",".194",".379",".248",".280","63","0.2","-1.1","-1.1","-0.1","4","1","1","0","1","12","1","0",".573","1.40","29.4%","41.2%","29.4%","0.0%","40.0%","0.0%","38.0%","60.9%","49.0%","36.8%","82.1%","63.8%","47.9%","17.7%","41.2%","39.6%",".200","89.1","7.8","11.8%","112.8",".396","18690"
"Tyler Heineman","- - -","62","174","0","16","9","1","4.6%","9.8%",".051",".243",".217",".276",".268",".248",".273","57","-1.1","-9.8","9.4","0.6","34","26","8","0","8","17","5","0",".544","0.85","23.3%","35.3%","41.4%","23.6%","0.0%","4.3%","41.9%","70.3%","54.3%","76.8%","91.4%","85.0%","43.7%","8.1%","13.2%","22.9%",".248","82.7","19.9","0.0%","102.5",".293","13897"
"Mauricio Dubon","- - -","104","265","5","31","24","2","4.9%","11.3%",".099",".221",".214",".252",".313",".248",".272","58","-0.8","-13.2","6.6","0.2","52","38","9","0","13","30","1","3",".565","0.87","16.6%","38.7%","44.7%","12.4%","5.2%","6.0%","40.2%","74.7%","54.9%","80.5%","89.9%","86.0%","42.7%","7.7%","29.9%","21.6%",".240","84.7","16.7","2.3%","107.6",".331","16530"
"Miguel Andujar","- - -","36","140","1","13","17","4","3.6%","19.3%",".076",".280",".235",".257",".311",".247",".281","57","1.5","-5.2","-0.8","-0.2","31","24","5","1","5","27","0","1",".568","1.15","22.2%","41.7%","36.1%","17.9%","2.6%","11.1%","42.6%","66.3%","51.9%","66.2%","89.4%","77.7%","38.9%","11.5%","31.5%","28.8%",".253","84.4","9.2","3.7%","110.4",".351","15878"
"Tyler Wade","LAA","67","163","1","22","8","8","6.1%","20.2%",".054",".274",".218",".272",".272",".247",".248","55","-0.1","-8.4","-2.4","-0.6","32","26","5","0","10","33","1","5",".544","1.05","21.6%","40.2%","38.1%","0.0%","2.7%","7.7%","27.6%","66.1%","44.6%","74.2%","89.6%","84.3%","44.1%","7.0%","16.0%","23.1%",".212","83.9","11.5","1.7%","109.0",".278","15730"
"Sandy Leon","- - -","34","86","0","6","4","0","15.1%","31.4%",".042",".273",".169",".298",".211",".246",".263","58","-2.4","-6.5","0.4","-0.4","12","9","3","0","13","27","0","0",".509","0.75","36.4%","27.3%","36.4%","12.5%","0.0%","8.3%","23.1%","57.2%","37.7%","68.6%","83.2%","78.1%","42.9%","8.3%","26.1%","30.7%",".187","84.3","21.4","0.0%","104.0",".238","5273"
"Abraham Toro","SEA","109","352","10","36","35","2","6.3%","18.5%",".139",".198",".185",".239",".324",".246",".284","62","-1.1","-16.4","-1.7","-0.7","60","36","13","1","22","65","2","0",".563","0.86","14.4%","39.5%","46.0%","9.9%","8.3%","4.8%","33.4%","65.2%","47.0%","67.2%","89.3%","80.3%","42.8%","9.3%","29.7%","27.4%",".226","87.0","16.7","6.8%","108.2",".372","19844"
"Guillermo Heredia","ATL","74","82","3","12","8","0","7.3%","39.0%",".184",".220",".158",".220",".342",".246",".228","53","1.0","-3.5","-1.5","-0.2","12","5","3","1","6","32","0","0",".562","0.73","13.6%","36.4%","50.0%","9.1%","13.6%","25.0%","37.2%","77.9%","53.6%","53.2%","78.9%","68.3%","40.3%","17.0%","31.8%","28.2%",".160","86.0","14.6","11.4%","107.3",".289","18721"
"Jonathan Schoop","DET","131","510","11","48","38","5","3.7%","21.0%",".121",".234",".202",".239",".322",".245",".268","57","-0.2","-24.6","22.3","1.5","97","62","23","1","19","107","6","0",".561","1.32","19.0%","46.0%","34.9%","13.6%","8.3%","6.3%","40.8%","76.8%","55.5%","61.1%","85.6%","74.9%","40.8%","13.9%","38.6%","27.3%",".228","87.0","9.7","4.8%","111.6",".338","11265"
"Zach Reks","TEX","16","34","0","3","3","0","0.0%","29.4%",".029",".375",".265",".265",".294",".245",".230","56","-0.2","-1.9","-2.5","-0.3","9","8","1","0","0","10","0","1",".559","0.60","33.3%","25.0%","41.7%","0.0%","0.0%","0.0%","44.4%","70.6%","56.1%","60.7%","88.9%","76.6%","44.7%","13.2%","41.7%","28.1%",".223","86.3","19.0","0.0%","105.3",".309","19667"
"Zack Collins","- - -","36","108","4","9","11","0","8.3%","38.0%",".165",".208",".155",".231",".320",".245",".257","57","-0.2","-5.6","-1.3","-0.4","15","7","4","0","9","41","1","0",".551","0.56","26.3%","26.3%","47.4%","7.4%","14.8%","0.0%","22.3%","66.7%","41.3%","32.8%","77.9%","64.0%","42.8%","14.9%","40.4%","32.7%",".181","91.0","20.1","8.8%","107.9",".317","19181"
"Alec Burleson","STL","16","53","1","4","3","1","9.4%","17.0%",".083",".211",".188",".264",".271",".245",".322","58","0.1","-2.5","-1.8","-0.3","9","7","1","0","5","9","0","0",".535","1.73","21.1%","50.0%","28.9%","9.1%","9.1%","10.5%","31.0%","81.1%","50.5%","69.4%","83.3%","78.1%","38.9%","11.1%","48.7%","21.1%",".248","91.7","4.0","10.3%","109.2",".415","27615"
"Nick Allen","OAK","100","326","4","31","19","3","5.8%","19.6%",".084",".250",".207",".256",".291",".245",".238","61","0.5","-13.8","8.5","0.5","62","45","13","0","19","64","1","2",".547","1.63","16.9%","51.5%","31.6%","16.4%","5.5%","4.2%","36.9%","72.9%","51.9%","63.9%","88.0%","78.0%","41.6%","11.4%","22.3%","25.6%",".210","83.9","7.6","1.2%","104.6",".266","22277"
"Willians Astudillo","MIA","21","55","1","5","4","1","1.8%","5.5%",".056",".240",".241",".255",".296",".243",".265","56","-0.4","-3.2","-3.7","-0.5","13","12","0","0","1","3","0","0",".551","1.28","19.6%","45.1%","35.3%","11.1%","5.6%","0.0%","54.7%","83.6%","65.3%","78.8%","89.1%","83.7%","36.7%","10.7%","21.6%","17.3%",".265","83.0","15.5","0.0%","106.6",".315","15608"
"James McCann","NYM","61","191","3","19","18","3","5.8%","24.1%",".086",".244",".195",".257",".282",".243",".311","59","0.3","-8.7","5.8","0.4","34","25","6","0","11","46","4","0",".538","0.90","23.3%","36.4%","40.3%","3.8%","5.8%","8.5%","37.8%","71.2%","51.6%","57.0%","86.2%","73.6%","41.4%","13.6%","40.0%","29.7%",".240","90.1","16.2","6.2%","108.4",".414","12859"
"Jason Delay","PIT","57","167","1","17","11","0","5.4%","29.9%",".058",".308",".213",".265",".271",".243",".230","53","-1.8","-11.0","7.3","0.2","33","26","6","0","9","50","2","2",".536","1.10","20.0%","41.9%","38.1%","12.5%","2.5%","6.8%","35.9%","77.0%","54.2%","54.6%","82.6%","72.3%","44.6%","15.0%","28.3%","29.8%",".200","84.9","15.7","1.9%","107.3",".251","19806"
"Ben DeLuzio","STL","22","25","0","3","0","0","12.0%","20.0%",".050",".200",".150",".292",".200",".242",".330","56","0.1","-1.2","1.6","0.1","3","2","1","0","3","5","1","1",".492","1.25","40.0%","33.3%","26.7%","50.0%","0.0%","0.0%","30.4%","73.2%","48.5%","58.8%","76.7%","70.2%","42.3%","14.4%","12.5%","25.8%",".268","72.8","12.8","0.0%","100.6",".311","19644"
"Alcides Escobar","WSN","42","131","0","12","8","1","3.8%","24.4%",".065",".293",".218",".260",".282",".242",".233","51","0.9","-6.5","-1.4","-0.4","27","21","4","2","5","32","2","1",".542","1.00","29.7%","35.2%","35.2%","9.4%","0.0%","0.0%","43.9%","66.0%","52.9%","73.5%","87.0%","80.4%","41.0%","10.4%","17.4%","26.5%",".210","81.8","15.7","1.1%","108.1",".264","6310"
"Greg Allen","PIT","46","134","2","17","8","8","7.5%","31.3%",".085",".267",".186",".260",".271",".242",".229","52","2.7","-4.8","2.4","0.2","22","16","4","0","10","42","2","2",".531","1.56","13.5%","52.7%","33.8%","8.0%","8.0%","10.3%","26.9%","70.3%","44.8%","52.4%","81.8%","71.4%","41.2%","12.8%","32.5%","30.1%",".176","87.6","8.5","2.5%","105.7",".246","16623"
"Paul DeJong","STL","77","237","6","19","25","3","8.9%","33.3%",".129",".213",".157",".245",".286",".241",".267","55","-0.7","-13.0","5.9","0.1","33","18","9","0","21","79","4","2",".530","0.66","16.5%","33.1%","50.4%","11.9%","9.0%","2.3%","31.4%","73.4%","48.7%","47.8%","78.0%","66.6%","41.2%","16.3%","37.6%","31.0%",".182","87.6","21.7","9.8%","110.3",".327","18015"
"Payton Henry","MIA","15","35","0","2","4","0","14.3%","22.9%",".000",".200",".143",".314",".143",".241",".279","54","0.1","-1.8","-0.2","-0.1","4","4","0","0","5","8","2","0",".457","7.50","15.0%","75.0%","10.0%","0.0%","0.0%","0.0%","24.6%","67.2%","45.1%","70.6%","79.1%","76.7%","48.1%","10.5%","10.0%","27.1%",".187","79.5","-7.4","0.0%","103.0",".203","22164"
"Richie Martin","BAL","13","33","0","4","3","3","9.1%","30.3%",".133",".250",".167",".242",".300",".240",".241","53","-0.5","-2.3","1.7","0.0","5","3","0","2","3","10","0","1",".542","1.43","15.0%","50.0%","35.0%","0.0%","0.0%","0.0%","24.1%","66.7%","40.8%","57.9%","82.4%","73.6%","39.2%","10.8%","35.0%","29.2%",".185","86.5","6.4","5.0%","103.8",".268","17736"
"Matt Davidson","- - -","13","37","2","3","3","0","8.1%","35.1%",".176",".158",".147",".216",".324",".240",".290","54","-0.2","-2.1","-1.6","-0.3","5","3","0","0","3","13","0","1",".540","1.11","9.5%","47.6%","42.9%","22.2%","22.2%","10.0%","36.0%","59.4%","46.8%","40.7%","86.8%","67.7%","46.0%","15.1%","33.3%","36.0%",".188","87.3","13.1","14.3%","111.5",".417","7226"
"Seth Beer","ARI","38","126","1","4","9","0","8.7%","24.6%",".054",".250",".189",".278",".243",".239",".276","49","-1.9","-9.4","-3.8","-0.9","21","17","3","0","11","31","3","0",".521","1.65","24.7%","46.9%","28.4%","8.7%","4.3%","2.6%","33.6%","69.4%","47.5%","63.5%","81.1%","73.5%","39.0%","12.6%","29.6%","27.7%",".215","85.9","10.7","3.7%","107.7",".315","20493"
"Michael Stefanic","LAA","25","69","0","5","0","0","7.2%","17.4%",".033",".245",".197",".279",".230",".239",".266","50","0.1","-3.8","0.2","-0.1","12","10","2","0","5","12","2","0",".509","1.86","18.4%","53.1%","28.6%","7.1%","0.0%","11.5%","24.3%","60.9%","41.0%","63.6%","91.4%","82.5%","45.8%","7.2%","22.0%","29.1%",".217","84.8","5.0","2.0%","104.2",".279","25353"
"Dixon Machado","SFG","5","17","0","1","0","0","5.9%","29.4%",".000",".300",".200",".294",".200",".239",".281","52","0.0","-1.0","1.1","0.1","3","3","0","0","1","5","1","0",".494","1.00","20.0%","40.0%","40.0%","0.0%","0.0%","0.0%","27.6%","56.3%","42.6%","37.5%","88.9%","73.1%","52.5%","11.5%","10.0%","39.3%",".240","71.6","22.5","0.0%","95.5",".264","11472"
"Andrew Velazquez","LAA","125","349","9","37","28","17","4.3%","34.1%",".109",".274",".196",".236",".304",".239",".246","50","4.6","-15.1","6.9","0.3","63","46","8","0","15","119","3","1",".540","1.38","19.5%","46.7%","33.8%","4.5%","13.6%","14.3%","34.2%","75.8%","52.3%","51.4%","77.1%","67.6%","43.6%","17.0%","33.5%","30.2%",".202","88.0","8.2","6.6%","109.1",".312","14196"
"Kyle Lewis","SEA","18","62","3","6","5","0","8.1%","30.6%",".161",".147",".143",".226",".304",".239",".300","56","-0.9","-4.0","-1.5","-0.4","8","5","0","0","5","19","1","0",".529","1.21","16.2%","45.9%","37.8%","28.6%","21.4%","0.0%","32.0%","78.4%","47.5%","50.0%","71.0%","61.6%","33.5%","18.3%","32.4%","31.6%",".206","89.9","16.9","10.8%","110.0",".400","19508"
"Narciso Crook","CHC","4","9","0","1","2","0","0.0%","33.3%",".125",".333",".250",".222",".375",".238",".254","51","-0.8","-1.3","-0.1","-0.1","2","1","1","0","0","3","0","0",".597","3.00","33.3%","50.0%","16.7%","0.0%","0.0%","0.0%","37.5%","60.0%","48.4%","50.0%","77.8%","66.7%","48.4%","16.1%","50.0%","38.7%",".246","97.5","10.5","16.7%","104.9",".381","17473"
"Carlos Perez","CHW","7","18","0","0","2","0","0.0%","11.1%",".111",".250",".222",".222",".333",".238",".230","51","-0.2","-1.2","-1.0","-0.2","4","2","2","0","0","2","0","0",".556","0.86","18.8%","37.5%","43.8%","28.6%","0.0%","0.0%","40.9%","71.9%","53.9%","77.8%","82.6%","80.5%","42.1%","10.5%","12.5%","23.7%",".228","82.4","15.4","0.0%","99.7",".294","20805"
"Jarred Kelenic","SEA","54","181","7","20","17","5","8.8%","33.7%",".172",".167",".141",".221",".313",".238",".269","55","-0.5","-9.6","2.7","-0.1","23","10","5","1","16","61","1","2",".534","0.70","10.7%","36.9%","52.4%","22.2%","13.0%","7.9%","31.1%","70.7%","48.4%","59.3%","75.3%","69.5%","43.5%","14.7%","35.0%","30.8%",".172","86.0","18.0","13.6%","114.0",".351","22558"
"Jerar Encarnacion","MIA","23","81","3","7","14","2","3.7%","39.5%",".156",".256",".182",".210",".338",".236",".231","51","0.4","-4.2","0.2","-0.1","14","8","3","0","3","32","0","0",".548","1.57","21.7%","47.8%","30.4%","0.0%","21.4%","4.5%","36.0%","80.3%","54.6%","39.4%","71.1%","58.9%","41.9%","22.4%","41.3%","34.5%",".184","90.5","8.0","6.5%","109.3",".296","21871"
"Yadier Molina","STL","80","270","5","19","24","2","1.9%","14.8%",".088",".234",".214",".233",".302",".235",".254","51","-4.4","-19.7","12.0","0.1","56","43","8","0","5","40","2","0",".535","0.93","21.1%","38.1%","40.8%","12.1%","5.5%","1.2%","46.2%","74.9%","58.4%","76.0%","84.4%","80.6%","42.5%","11.4%","26.0%","24.0%",".230","84.7","16.9","3.1%","107.8",".328","7007"
"Justin Upton","SEA","17","57","1","2","3","0","10.5%","40.4%",".083",".208",".125",".263",".208",".231",".249","51","-1.8","-4.9","-1.4","-0.5","6","4","1","0","6","23","3","0",".471","0.50","16.0%","28.0%","56.0%","21.4%","7.1%","14.3%","29.5%","67.0%","45.4%","41.0%","78.5%","64.4%","42.4%","16.2%","32.0%","33.6%",".157","88.5","26.5","4.0%","105.3",".218","5222"
"Bligh Madris","PIT","39","123","1","10","7","2","8.1%","25.2%",".088",".235",".177",".244",".265",".231",".262","45","0.5","-7.4","-1.0","-0.4","20","12","7","0","10","31","0","1",".509","1.62","16.0%","51.9%","32.1%","11.5%","3.8%","2.4%","30.1%","69.5%","46.3%","58.6%","83.7%","74.1%","41.3%","12.0%","40.2%","29.3%",".211","88.9","10.5","4.9%","109.1",".309","20054"
"Jed Lowrie","OAK","50","184","3","14","16","1","8.2%","21.2%",".084",".213",".180",".245",".263",".230",".247","50","-0.7","-10.9","-4.6","-1.0","30","22","5","0","15","39","0","0",".508","1.00","17.8%","41.1%","41.1%","5.7%","5.7%","3.8%","27.4%","76.8%","47.3%","66.4%","83.1%","77.3%","40.3%","10.7%","30.8%","23.4%",".197","86.2","16.3","3.1%","105.9",".281","4418"
"Nate Mondou","OAK","1","3","0","0","0","0","33.3%","33.3%",".000",".000",".000",".333",".000",".230",".232","50","0.0","-0.2","-0.3","0.0","0","0","0","0","1","1","0","0",".333","0.00","0.0%","0.0%","100.0%","100.0%","0.0%","0.0%","50.0%","66.7%","54.5%","75.0%","100.0%","83.3%","27.3%","9.1%","0.0%","18.2%",".003","54.3","78.0","0.0%","54.3",".004","19563"
"Mickey McDonald","OAK","4","6","0","0","0","0","33.3%","50.0%",".000",".000",".000",".333",".000",".230",".298","50","0.0","-0.3","0.1","0.0","0","0","0","0","2","3","0","0",".333","0.00","100.0%","0.0%","0.0%","0.0%","0.0%","0.0%","35.3%","63.6%","46.4%","50.0%","42.9%","46.2%","39.3%","25.0%","0.0%","39.3%",".112","89.3","6.3","0.0%","89.3",".123","20533"
"Michael Perez","- - -","45","132","6","10","14","1","7.6%","24.2%",".149",".145",".149",".214",".298",".228",".276","44","-0.5","-9.1","-0.2","-0.5","18","12","0","0","10","32","0","0",".511","0.70","15.7%","34.8%","49.4%","11.4%","13.6%","3.2%","32.2%","60.3%","44.1%","61.5%","84.9%","75.1%","42.5%","11.0%","35.6%","31.5%",".205","88.8","18.3","7.8%","105.3",".359","12977"
"Aramis Garcia","CIN","47","115","1","6","4","0","2.6%","29.6%",".046",".301",".213",".248",".259",".228",".247","36","-2.2","-10.7","6.0","-0.1","23","20","2","0","3","34","2","1",".507","0.89","28.4%","33.8%","37.8%","25.0%","3.6%","8.0%","31.9%","76.6%","51.9%","50.6%","80.5%","70.4%","44.8%","15.4%","36.8%","29.8%",".212","87.5","19.6","2.6%","108.9",".314","16925"
"Lewin Diaz","MIA","58","174","5","12","11","1","6.3%","31.0%",".119",".214",".169",".224",".288",".228",".219","45","-0.6","-11.7","-0.5","-0.7","27","18","4","0","11","54","1","0",".512","0.80","16.7%","37.0%","46.3%","10.0%","10.0%","7.5%","35.7%","61.1%","46.2%","65.6%","84.8%","76.0%","41.1%","11.1%","28.7%","30.9%",".167","88.3","15.6","5.6%","112.0",".262","18365"
"Erik Gonzalez","MIA","16","41","0","4","3","1","9.8%","29.3%",".027",".280",".189",".268",".216",".227",".263","45","0.3","-2.4","0.5","-0.1","7","6","1","0","4","12","0","0",".485","2.80","20.8%","58.3%","20.8%","0.0%","0.0%","7.1%","36.3%","79.7%","54.5%","73.0%","69.5%","70.8%","42.0%","15.9%","20.0%","27.8%",".224","84.4","-0.7","0.0%","108.7",".268","13369"
"Jason Krizan","SFG","3","10","0","0","0","0","20.0%","30.0%",".000",".200",".125",".300",".125",".226",".251","44","0.2","-0.5","-0.2","0.0","1","1","0","0","2","3","0","0",".425","1.00","20.0%","40.0%","40.0%","0.0%","0.0%","0.0%","24.0%","43.8%","31.7%","83.3%","85.7%","84.6%","39.0%","4.9%","40.0%","29.3%",".151","94.5","9.2","0.0%","105.2",".174","12394"
"Kevin Smith","OAK","47","151","2","9","13","4","4.6%","27.8%",".122",".237",".180",".216",".302",".226",".239","48","-0.6","-9.5","3.5","-0.1","25","13","9","1","7","42","0","0",".518","0.89","13.3%","40.8%","45.9%","15.6%","4.4%","2.5%","39.5%","69.2%","52.1%","56.3%","83.7%","71.8%","42.6%","14.7%","33.3%","30.3%",".189","87.0","16.4","7.8%","110.1",".322","20242"
"Austin Hedges","CLE","105","338","7","26","30","2","7.4%","23.1%",".085",".193",".163",".241",".248",".225",".240","42","-3.6","-25.8","9.6","-0.6","48","37","4","0","25","78","6","0",".489","0.87","18.0%","38.2%","43.8%","20.0%","7.4%","7.2%","31.8%","68.0%","46.8%","59.5%","84.4%","74.5%","41.5%","11.9%","22.3%","28.2%",".183","84.2","16.7","3.1%","107.1",".264","12976"
"Josh Palacios","WSN","29","49","0","8","2","1","2.0%","30.6%",".043",".313",".213",".245",".255",".225",".225","39","1.0","-2.5","-0.8","-0.2","10","8","2","0","1","15","1","0",".500","1.78","21.9%","50.0%","28.1%","22.2%","0.0%","6.3%","38.3%","71.3%","53.1%","56.8%","85.1%","73.9%","45.0%","13.9%","31.3%","27.3%",".213","81.3","4.9","0.0%","104.0",".252","19818"
"Cal Stevenson","OAK","23","71","0","5","1","1","11.3%","32.4%",".050",".263",".167",".261",".217",".224",".277","47","-0.1","-4.3","0.9","-0.1","10","7","3","0","8","23","0","1",".478","1.55","26.3%","44.7%","28.9%","18.2%","0.0%","0.0%","21.0%","60.6%","38.1%","57.1%","83.1%","75.0%","43.2%","9.5%","32.5%","33.0%",".208","87.6","10.6","5.0%","102.8",".309","22411"
"Chad Wallach","LAA","12","40","1","3","4","0","10.0%","22.5%",".114",".160",".143",".231",".257",".224",".332","39","-0.1","-2.9","0.6","-0.1","5","3","1","0","4","9","0","0",".488","1.00","23.1%","38.5%","38.5%","0.0%","10.0%","0.0%","31.7%","71.6%","47.6%","59.4%","83.3%","73.8%","39.9%","12.5%","37.0%","27.4%",".243","87.0","17.7","7.4%","106.2",".438","17161"
"Jack Mayfield","LAA","23","74","1","8","6","1","4.1%","23.0%",".086",".231",".186",".230",".271",".224",".221","39","-0.5","-5.5","-1.5","-0.5","13","10","1","1","3","17","1","0",".501","1.09","13.2%","45.3%","41.5%","9.1%","4.5%","4.2%","35.2%","62.8%","47.5%","64.0%","88.7%","78.5%","44.3%","10.2%","24.5%","29.0%",".187","84.5","13.5","1.9%","103.6",".257","15402"
"Mickey Moniak","- - -","37","112","3","13","8","1","3.6%","39.3%",".132",".254",".170",".207",".302",".223",".203","39","1.2","-6.7","-0.1","-0.3","18","11","3","1","4","44","1","0",".509","0.79","14.8%","37.7%","47.5%","20.7%","10.3%","17.4%","48.2%","73.8%","58.2%","48.8%","82.2%","65.3%","38.9%","20.2%","31.7%","33.6%",".155","84.9","19.1","7.9%","107.9",".262","19956"
"Brendon Davis","DET","3","11","0","2","0","1","9.1%","27.3%",".000",".286",".200",".273",".200",".223",".311","42","0.2","-0.5","-1.0","-0.1","2","2","0","0","1","3","0","0",".473","0.20","14.3%","14.3%","71.4%","20.0%","0.0%","0.0%","43.3%","60.0%","48.9%","53.8%","77.8%","63.6%","33.3%","17.8%","42.9%","28.9%",".240","88.0","34.2","14.3%","101.7",".394","18587"
"Patrick Mazeika","NYM","24","72","1","4","6","0","2.8%","12.5%",".103",".207",".191",".214",".294",".222",".218","45","-0.1","-4.7","1.7","-0.1","13","8","4","0","2","9","0","0",".508","0.96","22.4%","37.9%","39.7%","13.0%","4.3%","0.0%","38.2%","66.7%","49.6%","78.5%","90.8%","85.1%","40.1%","7.4%","18.0%","25.0%",".188","84.5","15.4","3.3%","102.2",".284","18142"
"Ehire Adrianza","- - -","37","110","0","8","7","1","10.0%","22.7%",".031",".233",".175",".264",".206",".222",".274","38","0.8","-7.2","-1.4","-0.5","17","14","3","0","11","25","1","0",".470","1.71","19.7%","50.7%","29.6%","23.8%","0.0%","2.8%","33.2%","61.0%","44.5%","71.1%","89.5%","81.4%","40.8%","8.3%","21.9%","28.4%",".222","84.6","12.6","1.4%","104.2",".288","8418"
"Travis Jankowski","- - -","44","64","0","11","2","3","12.5%","15.6%",".000",".200",".164",".281",".164",".222",".259","45","0.6","-3.5","0.0","-0.1","9","9","0","0","8","10","1","0",".445","3.75","9.5%","71.4%","19.0%","50.0%","0.0%","10.0%","21.4%","58.7%","36.4%","78.8%","96.7%","90.4%","40.3%","3.5%","22.2%","23.6%",".198","80.5","-3.2","0.0%","102.3",".230","13768"
"Leury Garcia","CHW","97","315","3","38","20","2","2.2%","20.6%",".057",".255",".210",".233",".267",".221",".258","39","2.2","-19.5","-0.9","-1.1","63","52","8","0","7","65","3","0",".500","1.71","20.4%","50.2%","29.4%","10.1%","4.3%","5.9%","41.1%","76.2%","56.3%","66.5%","84.0%","76.8%","43.3%","13.1%","34.2%","25.6%",".233","87.0","6.2","4.2%","109.2",".325","5913"
"Anthony Alford","PIT","2","4","0","0","0","0","0.0%","50.0%",".000",".500",".250",".250",".250",".221",".035","38","0.0","-0.3","-1.1","-0.1","1","1","0","0","0","2","0","0",".500","1.00","0.0%","50.0%","50.0%","100.0%","0.0%","100.0%","63.6%","50.0%","60.0%","57.1%","100.0%","66.7%","26.7%","20.0%","0.0%","33.3%",".037","82.9","24.8","0.0%","90.4",".049","14329"
"Alex Jackson","MIL","5","12","0","0","0","0","0.0%","58.3%",".000",".600",".250",".250",".250",".221",".173","38","0.1","-0.8","0.2","0.0","3","3","0","0","0","7","0","0",".500","2.00","40.0%","40.0%","20.0%","0.0%","0.0%","0.0%","53.8%","85.7%","65.0%","35.7%","75.0%","53.8%","35.0%","30.0%","0.0%","40.0%",".183","79.7","17.0","0.0%","83.3",".210","17276"
"JT Riddle","CIN","2","4","0","0","0","0","0.0%","25.0%",".000",".333",".250",".250",".250",".221",".146","31","0.1","-0.2","0.2","0.0","1","1","0","0","0","1","0","0",".500","2.00","0.0%","66.7%","33.3%","0.0%","0.0%","0.0%","54.5%","25.0%","46.7%","66.7%","100.0%","71.4%","26.7%","13.3%","66.7%","33.3%",".152","92.0","9.9","0.0%","99.3",".184","17642"
"Yoshi Tsutsugo","PIT","50","193","2","11","19","0","9.8%","25.9%",".059",".221",".171",".249",".229",".221",".254","38","-0.6","-14.5","-4.4","-1.3","29","23","4","0","19","50","0","0",".478","1.28","15.3%","47.6%","37.1%","8.7%","4.3%","5.1%","28.6%","66.7%","44.1%","66.4%","89.3%","80.5%","40.8%","8.6%","35.5%","26.7%",".197","88.8","10.1","5.6%","107.4",".285","27459"
"Kody Clemens","DET","57","127","5","13","17","1","6.3%","26.0%",".162",".148",".145",".197",".308",".220",".249","40","1.1","-7.5","1.2","-0.2","17","8","4","0","8","33","0","0",".505","0.80","14.0%","38.4%","47.7%","4.9%","12.2%","0.0%","37.5%","71.4%","53.0%","57.3%","86.2%","75.2%","46.0%","13.2%","36.0%","29.1%",".193","89.4","17.4","5.8%","108.9",".325","20572"
"Vidal Brujan","TBR","52","162","3","13","16","5","7.4%","22.8%",".095",".193",".163",".228",".259",".220",".236","43","-0.8","-11.1","1.7","-0.5","24","16","5","0","12","37","1","5",".487","1.16","15.2%","45.5%","39.3%","15.9%","6.8%","3.9%","34.1%","74.2%","50.3%","71.0%","88.6%","81.5%","40.5%","9.3%","27.7%","23.4%",".189","86.1","14.2","2.7%","104.0",".256","20536"
"Caleb Hamilton","MIN","22","23","1","5","1","0","17.4%","60.9%",".167",".000",".056",".227",".222",".219",".223","39","0.1","-1.5","-0.9","-0.2","1","0","0","0","4","14","0","0",".449","1.00","0.0%","50.0%","50.0%","0.0%","50.0%","0.0%","29.5%","68.8%","46.8%","33.3%","66.7%","54.9%","44.0%","21.1%","60.0%","39.4%",".069","95.7","2.3","20.0%","105.0",".215","19842"
"Mike Zunino","TBR","36","123","5","7","16","0","4.9%","37.4%",".157",".185",".148",".195",".304",".219",".252","43","0.0","-7.9","3.7","0.0","17","9","3","0","6","46","1","0",".499","0.53","17.1%","28.6%","54.3%","7.9%","13.2%","5.0%","37.8%","69.8%","51.0%","40.2%","79.1%","62.2%","41.3%","19.3%","40.0%","33.8%",".182","91.8","20.8","8.6%","115.0",".329","13265"
"Drew Ellis","- - -","7","17","0","2","1","0","5.9%","41.2%",".063",".333",".188",".235",".250",".219",".205","37","0.2","-1.1","-1.2","-0.2","3","2","1","0","1","7","0","0",".485","1.33","22.2%","44.4%","33.3%","0.0%","0.0%","0.0%","31.1%","65.7%","46.3%","57.1%","87.0%","75.7%","43.8%","11.3%","33.3%","27.5%",".178","88.4","9.4","0.0%","99.3",".228","19873"
"Ryan Kreidler","DET","26","84","1","8","6","0","7.1%","26.2%",".055",".231",".178",".244",".233",".218",".273","38","0.7","-5.1","4.5","0.2","13","11","1","0","6","22","1","1",".477","0.83","17.0%","37.7%","45.3%","4.2%","4.2%","15.0%","29.1%","72.8%","48.6%","50.9%","83.5%","72.7%","44.6%","13.3%","32.7%","28.2%",".211","88.2","14.8","7.3%","102.4",".340","25867"
"Yainer Diaz","HOU","6","9","0","0","1","0","11.1%","22.2%",".125",".167",".125",".222",".250",".217",".295","37","0.0","-0.6","-0.3","-0.1","1","0","1","0","1","2","0","0",".472","1.00","0.0%","50.0%","50.0%","66.7%","0.0%","0.0%","56.5%","87.5%","64.5%","46.2%","100.0%","65.0%","25.8%","22.6%","50.0%","25.8%",".179","93.7","24.0","16.7%","105.9",".399","23003"
"Brandon Dixon","SDP","5","14","0","1","1","0","0.0%","35.7%",".071",".333",".214",".214",".286",".216",".234","39","-0.6","-1.6","0.1","-0.1","3","2","1","0","0","5","0","0",".500","1.00","33.3%","33.3%","33.3%","33.3%","0.0%","0.0%","18.4%","73.9%","39.3%","71.4%","88.2%","83.3%","37.7%","6.6%","33.3%","21.3%",".239","88.4","20.2","0.0%","107.0",".293","15214"
"Mark Payton","CHW","8","25","0","3","1","0","16.0%","16.0%",".000",".176",".143",".280",".143",".216",".236","35","0.4","-1.5","-0.7","-0.1","3","3","0","0","4","4","0","0",".423","1.14","11.8%","47.1%","41.2%","42.9%","0.0%","0.0%","40.7%","72.0%","52.7%","81.8%","88.9%","85.5%","38.2%","7.6%","11.8%","17.6%",".157","84.6","22.5","0.0%","98.8",".181","16042"
"Steele Walker","TEX","5","16","1","1","1","0","12.5%","25.0%",".214",".000",".071",".188",".286",".216",".317","35","0.0","-1.2","-0.8","-0.2","1","0","0","0","2","4","0","0",".473","1.00","0.0%","50.0%","50.0%","40.0%","20.0%","0.0%","27.3%","83.3%","50.9%","44.4%","85.0%","72.4%","42.1%","14.0%","40.0%","22.8%",".219","88.2","19.4","20.0%","107.9",".401","22093"
"Dillon Thomas","LAA","8","14","0","1","0","0","14.3%","42.9%",".000",".200",".091",".286",".091",".213",".217","31","0.2","-0.9","0.4","0.0","1","1","0","0","2","6","1","0",".377","4.00","0.0%","80.0%","20.0%","0.0%","0.0%","0.0%","34.5%","55.6%","42.6%","50.0%","60.0%","55.0%","38.3%","19.1%","40.0%","40.4%",".092","82.9","-5.7","0.0%","101.5",".105","12719"
"Brett Phillips","- - -","83","225","5","22","15","7","7.1%","41.8%",".104",".233",".144",".217",".249",".213",".220","38","3.8","-11.9","6.0","0.1","29","18","6","0","16","94","3","0",".466","0.72","23.6%","32.1%","44.3%","17.0%","10.6%","8.8%","24.7%","65.6%","43.5%","51.9%","69.9%","64.4%","45.9%","15.5%","28.6%","33.6%",".156","88.5","22.8","4.5%","107.8",".244","14735"
"Jose Herrera","ARI","47","124","0","9","5","0","7.3%","27.4%",".018",".273",".189",".250",".207",".213",".186","31","0.6","-9.4","5.0","0.0","21","19","2","0","9","34","0","0",".457","3.20","16.0%","64.0%","20.0%","26.7%","0.0%","2.1%","27.0%","60.8%","42.1%","66.2%","83.7%","77.5%","44.6%","9.5%","11.1%","31.4%",".152","84.7","3.0","0.0%","104.0",".180","17040"
"Will Benson","CLE","28","61","0","8","3","0","4.9%","31.1%",".018",".278",".182",".250",".200",".212",".224","32","0.1","-4.5","-2.1","-0.5","10","9","1","0","3","19","2","0",".450","1.42","19.4%","47.2%","33.3%","16.7%","0.0%","17.6%","27.6%","59.4%","42.4%","47.1%","84.1%","71.1%","46.3%","12.2%","27.0%","34.9%",".181","84.2","10.4","0.0%","107.6",".228","21853"
"Lorenzo Cain","MIL","43","156","1","17","9","2","5.1%","23.1%",".055",".229",".179",".231",".234",".212",".230","32","-0.4","-12.8","2.6","-0.5","26","20","5","0","8","36","2","2",".465","2.10","12.7%","59.1%","28.2%","9.7%","3.2%","15.4%","36.3%","74.4%","53.0%","63.0%","86.2%","77.3%","43.8%","12.0%","36.4%","26.2%",".200","87.9","3.8","0.0%","108.9",".253","9077"
"Ernie Clement","- - -","70","179","0","19","6","0","6.1%","14.5%",".025",".217",".184",".243",".209",".209",".277","31","-1.2","-15.0","-0.3","-1.0","30","26","4","0","11","26","2","1",".452","1.19","16.2%","45.6%","38.2%","11.5%","0.0%","12.9%","38.3%","63.9%","49.4%","83.8%","88.0%","86.2%","43.6%","6.8%","25.7%","26.1%",".235","85.0","11.8","3.6%","107.3",".328","20352"
"Kelvin Gutierrez","BAL","12","33","0","2","3","1","12.1%","24.2%",".036",".200",".143",".250",".179",".208",".284","30","0.0","-2.6","-1.5","-0.3","4","3","1","0","4","8","0","0",".429","2.00","10.0%","60.0%","30.0%","0.0%","0.0%","16.7%","32.9%","58.8%","42.9%","59.3%","83.3%","71.9%","38.3%","12.0%","33.3%","27.8%",".199","89.6","5.9","4.8%","104.8",".331","17468"
"Donovan Walton","- - -","25","78","1","9","8","0","1.3%","20.5%",".145",".186",".158",".179",".303",".208",".228","31","-0.5","-6.8","-2.2","-0.7","12","3","8","0","1","16","1","0",".482","1.38","16.7%","48.3%","35.0%","4.8%","4.8%","0.0%","40.6%","66.4%","51.7%","73.9%","96.5%","86.4%","43.0%","7.0%","31.7%","23.5%",".191","86.1","7.7","5.0%","107.2",".310","19314"
"Cristian Pache","OAK","91","260","3","18","18","2","5.8%","26.9%",".075",".220",".166",".218",".241",".207",".259","35","-1.7","-20.8","3.1","-1.0","40","30","5","2","15","70","1","2",".459","2.26","17.6%","57.1%","25.3%","14.0%","7.0%","9.3%","31.1%","73.4%","49.2%","52.1%","82.4%","71.5%","42.9%","14.1%","40.8%","29.2%",".228","89.4","3.8","3.4%","108.6",".300","19948"
"Steven Duggar","- - -","29","80","0","7","4","5","8.8%","51.3%",".069",".344",".153",".225",".222",".205",".215","28","1.0","-5.6","-1.0","-0.4","11","7","3","1","7","41","0","1",".447","1.00","18.8%","40.6%","40.6%","0.0%","0.0%","0.0%","28.3%","65.7%","44.3%","30.2%","77.2%","60.0%","42.8%","17.7%","46.9%","36.7%",".146","92.9","16.9","6.3%","106.0",".240","17719"
"Chris Owings","BAL","27","68","0","6","0","1","14.7%","35.3%",".036",".188",".107",".254",".143",".204",".238","27","-0.8","-6.3","-2.0","-0.7","6","4","2","0","10","24","1","0",".397","2.00","20.0%","53.3%","26.7%","12.5%","0.0%","0.0%","28.7%","66.0%","42.5%","51.1%","76.6%","65.8%","37.2%","14.6%","15.2%","34.1%",".145","80.4","10.8","3.0%","102.7",".199","10030"
"Andrelton Simmons","CHC","35","85","0","8","7","4","8.2%","15.3%",".013",".210",".173",".244",".187",".204",".199","27","0.1","-7.1","1.0","-0.3","13","12","1","0","7","13","0","0",".431","2.35","8.1%","64.5%","27.4%","23.5%","0.0%","7.5%","35.4%","67.5%","48.3%","76.2%","86.4%","81.9%","40.3%","8.7%","10.8%","27.2%",".158","81.4","1.1","0.0%","100.6",".189","10847"
"Michael Hermosillo","CHC","31","73","0","7","4","1","9.6%","37.0%",".033",".206",".115",".250",".148",".203",".259","27","0.7","-5.5","-0.6","-0.4","7","5","2","0","7","27","4","0",".398","1.08","26.5%","38.2%","35.3%","8.3%","0.0%","7.7%","39.1%","73.7%","50.7%","32.5%","84.9%","58.0%","33.4%","21.3%","31.4%","33.8%",".169","86.6","17.4","8.6%","108.2",".247","16285"
"Juan Lagares","LAA","20","62","0","4","0","0","3.2%","24.2%",".067",".244",".183",".210",".250",".203",".242","24","0.0","-5.3","-1.8","-0.5","11","8","2","1","2","15","0","0",".460","0.81","15.6%","37.8%","46.7%","4.8%","0.0%","0.0%","43.8%","62.9%","51.5%","61.9%","86.9%","74.2%","40.2%","13.3%","40.0%","31.1%",".216","88.4","14.4","2.2%","107.3",".305","5384"
"Bradley Zimmer","- - -","109","117","2","18","5","3","4.3%","38.5%",".105",".190",".124",".207",".229",".203",".225","26","1.3","-8.4","2.9","-0.2","13","6","5","0","5","45","6","2",".435","1.17","9.1%","49.1%","41.8%","13.0%","8.7%","7.4%","33.8%","69.8%","50.6%","50.6%","76.2%","67.1%","46.7%","16.6%","34.4%","32.6%",".138","87.0","10.5","11.5%","108.3",".268","16221"
"Simon Muzziotti","PHI","9","9","0","0","0","0","0.0%","22.2%",".000",".200",".143",".250",".143",".201",".235","23","-0.1","-0.9","0.5","0.0","1","1","0","0","0","2","1","0",".393","0.50","40.0%","20.0%","40.0%","0.0%","0.0%","0.0%","25.0%","61.5%","39.4%","100.0%","75.0%","84.6%","39.4%","6.1%","16.7%","27.3%",".176","88.1","16.7","0.0%","103.2",".205","19553"
"Miguel Vargas","LAD","18","50","1","4","8","1","4.0%","26.0%",".085",".206",".170",".200",".255",".200",".257","26","0.5","-3.8","-2.9","-0.5","8","6","1","0","2","13","0","0",".455","0.67","14.3%","34.3%","51.4%","11.1%","5.6%","25.0%","31.4%","72.2%","51.0%","72.7%","78.6%","76.7%","48.0%","11.9%","40.0%","32.2%",".205","89.7","25.9","8.6%","106.1",".338","20178"
"Michael Papierski","- - -","39","103","1","7","4","0","9.7%","25.2%",".044",".188",".143",".228",".187",".197",".217","16","-1.1","-11.1","0.0","-0.8","13","11","1","0","10","26","0","0",".415","1.38","23.1%","44.6%","32.3%","38.1%","4.8%","0.0%","33.8%","53.2%","42.8%","71.6%","91.1%","82.9%","46.5%","7.3%","9.0%","31.1%",".171","77.4","12.2","0.0%","101.7",".204","21386"
"Ryan Aguilar","LAA","7","26","0","2","2","0","7.7%","53.8%",".045",".333",".136",".231",".182",".197",".204","20","-0.8","-3.2","0.3","-0.2","3","2","1","0","2","14","1","0",".413","0.50","33.3%","22.2%","44.4%","0.0%","0.0%","0.0%","43.5%","76.9%","56.4%","29.6%","73.3%","52.6%","38.6%","26.7%","33.3%","38.6%",".131","93.3","10.5","0.0%","105.9",".202","19967"
"Ford Proctor","SFG","7","22","1","3","6","0","9.1%","13.6%",".167",".063",".111",".182",".278",".197",".296","24","0.4","-1.6","0.5","0.0","2","1","0","0","2","3","0","0",".460","12.00","23.5%","70.6%","5.9%","0.0%","100.0%","0.0%","26.2%","64.1%","44.4%","54.5%","88.0%","77.8%","48.1%","9.9%","29.4%","30.9%",".220","89.4","-10.5","5.9%","104.2",".302","21634"
"Esteury Ruiz","- - -","17","36","0","3","2","1","2.8%","19.4%",".086",".214",".171",".194",".257",".197",".216","25","-0.5","-3.7","-0.6","-0.3","6","4","1","1","1","7","0","2",".452","1.44","18.5%","48.1%","33.3%","22.2%","0.0%","0.0%","42.3%","64.5%","52.6%","76.7%","77.5%","77.1%","46.6%","12.0%","10.7%","27.8%",".205","73.0","19.2","3.6%","100.2",".255","21780"
"Bryan Lavastida","CLE","6","15","0","0","0","0","20.0%","26.7%",".000",".125",".083",".267",".083",".197",".221","22","-0.1","-1.4","0.1","-0.1","1","1","0","0","3","4","0","0",".350","1.67","0.0%","62.5%","37.5%","0.0%","0.0%","0.0%","17.6%","52.2%","31.6%","50.0%","83.3%","72.2%","40.4%","8.8%","37.5%","35.1%",".112","87.6","6.2","0.0%","101.1",".125","24765"
"Miles Mastrobuoni","TBR","8","17","0","1","0","1","5.9%","35.3%",".000",".300",".188",".235",".188",".196",".186","27","0.5","-0.9","-1.2","-0.2","3","3","0","0","1","6","0","0",".423","3.50","10.0%","70.0%","20.0%","0.0%","0.0%","0.0%","18.8%","55.6%","38.2%","16.7%","95.0%","76.9%","52.9%","8.8%","10.0%","35.3%",".160","86.3","-2.2","0.0%","104.2",".195","20017"
"Dom Nunez","COL","14","41","0","3","2","0","14.6%","24.4%",".030",".160",".121",".244",".152",".196",".245","7","0.3","-4.2","-0.9","-0.4","4","3","1","0","6","10","0","0",".395","0.50","16.0%","28.0%","56.0%","7.1%","0.0%","0.0%","19.4%","62.7%","37.6%","70.0%","85.1%","80.6%","42.1%","7.3%","32.0%","27.5%",".156","85.3","15.8","4.0%","103.7",".243","15055"
"Anthony Bemboom","BAL","22","59","1","4","1","0","10.2%","28.8%",".096",".147",".115",".207",".212",".196",".246","22","0.0","-5.2","0.4","-0.3","6","3","2","0","6","17","0","0",".418","1.38","8.8%","52.9%","38.2%","7.7%","7.7%","0.0%","24.0%","66.1%","43.9%","64.5%","82.9%","77.6%","47.1%","9.8%","36.1%","27.9%",".182","90.1","7.0","5.6%","106.3",".266","13854"
"Magneuris Sierra","LAA","45","96","0","7","5","6","4.2%","26.0%",".077",".227",".165",".200",".242",".195",".212","19","0.0","-8.7","1.8","-0.4","15","11","1","3","4","25","0","1",".442","1.76","20.3%","50.8%","28.8%","11.8%","0.0%","10.0%","41.7%","65.6%","52.3%","63.8%","85.1%","75.7%","44.5%","12.7%","16.4%","28.6%",".197","82.2","7.2","0.0%","107.7",".234","17023"
"Andrew Knapp","- - -","16","46","0","4","4","0","10.9%","26.1%",".026",".179",".128",".239",".154",".195",".254","21","0.5","-3.8","-1.4","-0.4","5","4","1","0","5","12","1","0",".393","1.33","22.2%","44.4%","33.3%","44.4%","0.0%","0.0%","34.9%","76.1%","50.6%","57.9%","88.2%","75.3%","38.1%","12.5%","25.0%","22.7%",".185","86.3","17.2","0.0%","104.4",".247","14942"
"Austin Romine","- - -","51","136","3","10","9","0","2.9%","33.8%",".093",".213",".155",".187",".248",".193",".195","15","-0.5","-13.9","-1.2","-1.1","20","14","3","0","4","46","1","0",".435","1.73","14.5%","54.2%","31.3%","11.5%","11.5%","2.2%","39.5%","72.8%","53.5%","54.2%","77.8%","67.8%","42.1%","17.2%","32.9%","31.0%",".159","87.2","9.5","4.7%","109.7",".248","5491"
"Matthew Batten","SDP","15","22","0","0","1","0","9.1%","27.3%",".053",".154",".105",".227",".158",".193",".262","23","0.0","-2.0","1.2","0.0","2","1","1","0","2","6","1","0",".385","2.67","15.4%","61.5%","23.1%","0.0%","0.0%","0.0%","27.8%","62.2%","41.8%","73.3%","73.9%","73.7%","40.7%","11.0%","30.8%","27.5%",".193","86.3","3.4","0.0%","105.0",".251","20157"
"Elier Hernandez","TEX","14","35","0","4","3","0","2.9%","42.9%",".061",".316",".182",".200",".242",".193",".183","19","-0.4","-3.6","0.9","-0.2","6","4","2","0","1","15","0","0",".442","0.30","31.6%","15.8%","52.6%","0.0%","0.0%","0.0%","47.5%","66.7%","55.5%","52.6%","71.1%","61.8%","41.6%","21.2%","15.8%","36.5%",".168","84.0","30.7","5.3%","98.6",".227","13750"
"Korey Lee","HOU","12","26","0","1","4","0","3.8%","34.6%",".080",".250",".160",".192",".240",".192",".120","19","-0.1","-2.5","-1.5","-0.3","4","2","2","0","1","9","0","0",".432","1.29","0.0%","56.3%","43.8%","0.0%","0.0%","11.1%","45.1%","73.5%","59.0%","56.5%","86.1%","74.6%","49.0%","15.0%","25.0%","28.0%",".105","83.6","10.5","0.0%","101.1",".126","25543"
"Chris Okey","CIN","7","13","0","3","0","0","0.0%","38.5%",".000",".286",".167",".231",".167",".191",".200","11","-0.1","-1.5","-1.0","-0.2","2","2","0","0","0","5","1","0",".397","2.00","14.3%","57.1%","28.6%","0.0%","0.0%","0.0%","42.9%","52.6%","46.8%","58.3%","100.0%","77.3%","40.4%","10.6%","14.3%","34.0%",".165","86.2","15.9","0.0%","102.2",".185","19245"
"Mark Contreras","MIN","28","61","3","9","6","1","1.6%","34.4%",".172",".114",".121",".148",".293",".189",".304","18","0.6","-5.1","1.9","-0.1","7","3","1","0","1","21","1","0",".441","1.06","13.2%","44.7%","42.1%","18.8%","18.8%","5.9%","43.5%","82.9%","62.3%","58.0%","77.0%","70.1%","47.7%","18.6%","57.9%","28.2%",".204","94.9","13.9","31.6%","109.5",".424","20122"
"Alex Dickerson","ATL","13","36","1","3","2","0","8.3%","25.0%",".091",".130",".121",".194",".212",".189",".297","14","-0.6","-4.2","-1.1","-0.4","4","3","0","0","3","9","0","0",".407","0.82","16.7%","37.5%","45.8%","18.2%","9.1%","0.0%","29.5%","61.9%","43.0%","57.7%","84.6%","73.8%","41.7%","11.3%","41.7%","27.8%",".221","90.1","18.2","8.3%","109.3",".395","12649"
"Manny Pina","ATL","5","17","0","1","2","0","5.9%","5.9%",".000",".143",".143",".235",".143",".187",".298","13","0.0","-1.7","0.1","-0.1","2","2","0","0","1","1","1","0",".378","1.33","0.0%","57.1%","42.9%","0.0%","0.0%","0.0%","29.3%","70.8%","44.6%","75.0%","94.1%","86.2%","36.9%","6.2%","21.4%","21.5%",".192","81.9","9.0","7.1%","104.1",".405","2829"
"Tres Barrera","WSN","19","53","0","2","4","0","3.8%","30.2%",".020",".265",".180",".212",".200",".187",".187","13","-0.4","-5.8","0.3","-0.4","9","8","1","0","2","16","0","0",".412","0.71","14.7%","35.3%","50.0%","17.6%","0.0%","0.0%","41.2%","71.3%","53.6%","63.8%","91.2%","78.8%","41.2%","11.3%","14.3%","29.4%",".167","81.8","21.4","0.0%","102.9",".214","19977"
"Brent Rooker","- - -","16","36","0","1","2","0","8.3%","30.6%",".031",".190",".125",".222",".156",".186",".264","15","-0.3","-3.9","-0.7","-0.4","4","3","1","0","3","11","1","0",".378","1.43","19.0%","47.6%","33.3%","0.0%","0.0%","0.0%","34.2%","71.4%","50.7%","51.9%","80.0%","69.4%","44.4%","15.5%","42.9%","28.9%",".183","87.8","13.5","4.8%","108.4",".306","19627"
"Jeter Downs","BOS","14","41","1","4","4","0","2.4%","51.2%",".103",".278",".154",".171",".256",".184",".153","7","0.5","-3.8","-0.5","-0.3","6","4","1","0","1","21","0","0",".427","0.78","15.8%","36.8%","47.4%","0.0%","11.1%","14.3%","44.0%","70.3%","55.2%","43.2%","73.1%","59.4%","42.5%","22.4%","21.1%","37.4%",".137","82.9","19.0","0.0%","103.6",".181","22202"
"Jermaine Palacios","MIN","30","77","2","8","6","0","5.2%","35.1%",".086",".186",".143",".184",".229",".184",".237","14","0.1","-7.4","-3.4","-0.9","10","8","0","0","4","27","0","0",".413","1.44","13.3%","51.1%","35.6%","0.0%","12.5%","8.7%","43.0%","78.5%","58.3%","52.7%","79.4%","68.2%","43.0%","18.5%","39.1%","29.7%",".191","87.5","4.5","6.5%","107.6",".313","18371"
"Jason Castro","HOU","34","88","1","6","3","1","9.1%","45.5%",".064",".211",".115",".205",".179",".183",".239","13","0.3","-8.3","-0.5","-0.6","9","6","2","0","8","40","1","0",".384","1.31","23.1%","43.6%","33.3%","0.0%","7.7%","0.0%","28.8%","72.0%","48.0%","49.2%","70.3%","63.3%","44.4%","17.6%","35.9%","34.1%",".161","88.6","10.0","5.1%","108.7",".280","8722"
"Jose Barrero","CIN","48","174","2","13","10","4","5.2%","43.7%",".055",".264",".152",".195",".206",".183",".180","5","0.9","-18.3","0.9","-1.2","25","20","3","0","9","76","0","1",".401","0.92","17.0%","39.8%","43.2%","10.5%","5.3%","5.7%","43.5%","76.5%","56.7%","42.9%","82.2%","64.2%","40.1%","20.3%","34.8%","33.1%",".140","87.5","17.7","2.2%","108.6",".211","23378"
"David MacKinnon","- - -","22","57","0","2","6","0","10.5%","29.8%",".000",".206",".140",".228",".140",".181",".259","11","0.1","-5.6","-1.5","-0.6","7","7","0","0","6","17","0","0",".368","1.64","14.7%","52.9%","32.4%","9.1%","0.0%","5.6%","30.6%","62.0%","44.0%","65.9%","83.6%","76.6%","42.9%","10.3%","20.6%","31.7%",".208","85.0","8.2","2.9%","107.0",".280","19625"
"Miguel Sano","MIN","20","71","1","1","3","1","12.7%","35.2%",".050",".114",".083",".211",".133",".176",".302","9","-0.8","-8.0","-2.8","-0.9","5","4","0","0","9","25","1","0",".345","0.27","22.2%","16.7%","61.1%","13.6%","4.5%","0.0%","24.4%","64.0%","39.6%","40.8%","81.3%","65.9%","38.3%","13.5%","52.8%","31.3%",".167","93.9","30.0","13.9%","108.0",".336","12164"
"Sebastian Rivero","KCR","17","29","0","2","1","0","6.9%","34.5%",".000",".250",".154",".214",".154",".175",".221","4","0.3","-2.9","-0.1","-0.2","4","4","0","0","2","10","0","0",".368","1.00","12.5%","43.8%","43.8%","14.3%","0.0%","14.3%","33.3%","72.7%","49.1%","54.5%","75.0%","66.7%","40.0%","16.4%","35.3%","32.7%",".163","87.2","12.7","5.9%","104.5",".263","21735"
"Chuckie Robinson","CIN","25","60","2","3","5","0","0.0%","28.3%",".136",".150",".136",".136",".271",".173",".260","-1","-1.1","-8.2","1.1","-0.5","8","4","2","0","0","17","0","0",".407","3.11","11.9%","66.7%","21.4%","0.0%","22.2%","0.0%","48.3%","75.0%","59.8%","67.9%","83.3%","76.2%","43.1%","14.1%","30.2%","26.8%",".227","86.2","0.5","9.3%","108.3",".375","19824"
"Donny Sands","PHI","3","4","0","0","0","0","25.0%","25.0%",".000",".000",".000",".250",".000",".172",".275","4","-0.4","-0.9","-0.1","-0.1","0","0","0","0","1","1","0","0",".250","2.00","0.0%","100.0%","0.0%","0.0%","0.0%","0.0%","15.4%","75.0%","29.4%","100.0%","100.0%","100.0%","23.5%","0.0%","0.0%","17.6%",".152","90.8","-12.0","0.0%","95.0",".169","18603"
"Cole Tucker","PIT","18","63","0","3","2","1","0.0%","39.7%",".048",".289",".175",".175",".222",".172",".198","4","0.6","-6.4","-3.2","-0.8","11","9","1","1","0","25","0","0",".397","1.80","26.3%","47.4%","26.3%","0.0%","0.0%","0.0%","30.2%","67.2%","46.0%","56.3%","83.8%","73.4%","42.8%","12.2%","23.7%","32.4%",".183","82.4","4.8","7.9%","106.5",".275","17326"
"Robinson Cano","- - -","33","104","1","5","4","0","3.8%","24.0%",".040",".189",".150",".183",".190",".169",".237","6","-1.8","-13.1","-3.6","-1.4","15","13","1","0","4","25","0","0",".373","1.86","18.9%","52.7%","28.4%","14.3%","4.8%","7.7%","44.5%","75.2%","56.8%","63.7%","89.6%","77.4%","40.1%","12.8%","41.3%","24.1%",".209","88.2","5.8","4.0%","112.0",".299","3269"
"Yolmer Sanchez","- - -","17","44","0","1","2","0","11.4%","29.5%",".000",".167",".108",".214",".108",".166",".204","-5","-0.9","-6.1","1.0","-0.4","4","4","0","0","5","13","0","2",".322","1.22","16.7%","45.8%","37.5%","0.0%","0.0%","18.2%","31.0%","65.2%","43.8%","69.4%","84.4%","77.8%","37.3%","9.7%","15.4%","28.6%",".135","84.4","14.0","0.0%","98.8",".179","11602"
"Rylan Bannon","- - -","5","15","0","0","0","0","0.0%","33.3%",".000",".222",".143",".200",".143",".166",".174","0","0.1","-1.6","-0.8","-0.2","2","2","0","0","0","5","1","0",".343","1.67","11.1%","55.6%","33.3%","0.0%","0.0%","20.0%","27.6%","71.4%","49.1%","25.0%","85.0%","67.9%","49.1%","15.8%","44.4%","31.6%",".127","88.7","0.9","0.0%","102.0",".181","19768"
"Adalberto Mondesi","KCR","15","54","0","3","3","5","7.4%","37.0%",".000",".233",".140",".204",".140",".166",".211","-3","1.0","-5.3","3.9","0.0","7","7","0","0","4","20","0","0",".344","1.44","12.0%","52.0%","36.0%","11.1%","0.0%","7.7%","32.8%","72.0%","49.8%","32.5%","73.1%","57.9%","43.3%","20.9%","26.7%","33.5%",".166","88.0","7.8","3.3%","105.7",".231","13769"
"Phil Gosselin","- - -","34","77","0","6","2","0","2.6%","31.2%",".027",".220",".149",".182",".176",".163",".207","-4","-1.6","-10.6","1.2","-0.7","11","10","0","1","2","24","1","0",".357","0.96","10.0%","44.0%","46.0%","4.3%","0.0%","4.5%","36.5%","61.2%","46.1%","65.2%","86.5%","76.2%","39.0%","11.0%","36.0%","31.0%",".177","86.4","15.0","2.0%","102.5",".254","10953"
"Lenyn Sosa","CHW","11","36","1","3","1","0","2.8%","33.3%",".114",".136",".114",".139",".229",".161",".243","-4","-0.1","-4.3","-0.1","-0.3","4","2","1","0","1","12","0","0",".367","1.63","8.7%","56.5%","34.8%","12.5%","12.5%","7.7%","56.0%","66.7%","60.7%","66.7%","82.5%","74.4%","44.4%","15.4%","26.1%","31.6%",".193","86.6","5.7","8.7%","106.1",".346","22896"
"Matt Beaty","SDP","20","47","0","6","1","0","4.3%","17.0%",".070",".114",".093",".170",".163",".158",".243","-1","-0.3","-5.8","-2.6","-0.7","4","2","1","1","2","8","2","0",".333","1.14","14.3%","45.7%","40.0%","21.4%","0.0%","0.0%","26.2%","62.2%","41.2%","70.4%","95.7%","86.3%","41.8%","5.6%","31.4%","26.6%",".199","83.6","10.5","0.0%","105.4",".257","17710"
"Jonathan Arauz","- - -","15","41","1","3","5","0","2.4%","29.3%",".079",".154",".132",".150",".211",".157",".282","-3","0.2","-4.9","0.4","-0.3","5","4","0","0","1","12","0","0",".361","1.11","29.6%","37.0%","33.3%","33.3%","11.1%","10.0%","29.8%","60.5%","44.4%","56.0%","84.8%","74.6%","47.5%","11.3%","35.7%","35.6%",".255","87.4","12.1","7.1%","107.3",".385","20275"
"Max Schrock","CIN","13","27","0","1","1","0","3.7%","22.2%",".000",".200",".154",".185",".154",".156",".203","-13","0.1","-3.5","0.1","-0.3","4","4","0","0","1","6","0","0",".339","1.33","30.0%","40.0%","30.0%","33.3%","0.0%","0.0%","53.8%","71.4%","60.9%","71.4%","88.0%","79.2%","40.2%","12.6%","25.0%","25.3%",".189","82.8","19.4","0.0%","102.0",".237","17750"
"Estevan Florial","NYY","17","35","0","4","1","2","8.6%","37.1%",".000",".167",".097",".200",".097",".155",".235","-7","0.9","-3.3","-1.4","-0.4","3","3","0","0","3","13","1","0",".297","1.33","17.6%","47.1%","35.3%","16.7%","0.0%","12.5%","28.6%","74.6%","49.3%","31.8%","68.1%","56.5%","45.0%","21.4%","27.8%","35.7%",".149","85.6","14.3","5.6%","107.6",".256","19151"
"Kevin Pillar","LAD","4","13","0","1","0","0","7.7%","30.8%",".083",".125",".083",".154",".167",".150",".272","-8","-0.3","-1.9","1.2","0.0","1","0","1","0","1","4","0","0",".321","1.33","12.5%","50.0%","37.5%","0.0%","0.0%","0.0%","39.3%","70.6%","51.1%","45.5%","83.3%","65.2%","37.8%","17.8%","25.0%","33.3%",".192","88.2","10.7","12.5%","107.9",".364","12434"
"Ivan Herrera","STL","11","22","0","0","1","0","9.1%","36.4%",".000",".182",".111",".190",".111",".150",".164","-7","0.0","-2.7","0.6","-0.1","2","2","0","0","2","8","0","0",".302","1.50","9.1%","54.5%","36.4%","25.0%","0.0%","0.0%","26.0%","54.2%","39.8%","61.5%","84.6%","76.9%","49.0%","9.2%","16.7%","33.7%",".113","85.2","8.1","0.0%","104.6",".140","20599"
"Taylor Motter","CIN","2","6","0","0","0","0","0.0%","50.0%",".000",".333",".167",".167",".167",".147",".184","-19","0.0","-0.8","-1.6","-0.2","1","1","0","0","0","3","0","0",".333","1.00","33.3%","33.3%","33.3%","0.0%","0.0%","0.0%","50.0%","54.5%","52.0%","57.1%","83.3%","69.2%","44.0%","16.0%","33.3%","32.0%",".203","85.7","26.7","0.0%","107.9",".212","12399"
"Mike Siani","CIN","9","24","0","1","0","0","0.0%","29.2%",".000",".235",".167",".167",".167",".147",".160","-19","-0.2","-3.5","-0.5","-0.3","4","4","0","0","0","7","0","1",".333","0.50","25.0%","25.0%","50.0%","50.0%","0.0%","0.0%","26.8%","69.0%","44.9%","66.7%","86.2%","79.5%","42.9%","9.2%","23.5%","27.6%",".163","81.0","30.7","0.0%","103.4",".206","22557"
"Niko Goodrum","HOU","15","45","0","2","1","1","4.4%","51.1%",".047",".250",".116",".156",".163",".146",".205","-14","0.8","-5.0","0.7","-0.3","5","3","2","0","2","23","0","0",".318","1.67","20.0%","50.0%","30.0%","0.0%","0.0%","0.0%","40.2%","72.0%","52.9%","40.8%","74.6%","59.3%","40.2%","21.6%","35.0%","34.3%",".173","81.9","7.7","5.0%","102.4",".247","12092"
"Billy McKinney","OAK","23","57","1","3","4","0","7.0%","28.1%",".077",".111",".096",".158",".173",".144",".203","-10","-2.1","-9.2","1.4","-0.6","5","3","1","0","4","16","0","0",".331","0.88","16.7%","38.9%","44.4%","12.5%","6.3%","0.0%","26.4%","60.3%","41.8%","51.4%","85.7%","73.8%","45.3%","10.9%","21.6%","32.8%",".158","83.8","17.4","5.4%","106.5",".249","15654"
"Austin Allen","OAK","5","16","0","1","0","0","6.3%","56.3%",".000",".200",".071",".188",".071",".143",".153","-11","-0.2","-2.2","1.2","0.0","1","1","0","0","1","9","1","0",".259","0.67","0.0%","40.0%","60.0%","0.0%","0.0%","0.0%","38.1%","68.0%","49.3%","18.8%","82.4%","51.5%","37.3%","23.9%","60.0%","41.8%",".067","92.7","25.0","0.0%","100.7",".108","18083"
"Heliot Ramos","SFG","9","22","0","4","0","0","9.1%","27.3%",".000",".143",".100",".182",".100",".143",".290","-13","0.1","-2.8","-2.5","-0.5","2","2","0","0","2","6","0","0",".282","2.25","7.1%","64.3%","28.6%","0.0%","0.0%","11.1%","35.4%","82.8%","53.2%","47.1%","70.8%","61.0%","37.7%","20.8%","42.9%","36.4%",".211","87.4","1.7","7.1%","107.4",".366","22515"
"Steven Souza Jr.","SEA","6","19","0","0","1","0","0.0%","42.1%",".000",".273",".158",".158",".158",".140",".169","-14","-0.3","-2.7","0.2","-0.2","3","3","0","0","0","8","0","0",".316","0.80","18.2%","36.4%","45.5%","20.0%","0.0%","0.0%","37.8%","72.2%","54.8%","42.9%","80.8%","67.5%","49.3%","17.8%","18.2%","31.5%",".181","83.3","23.6","0.0%","97.1",".203","5667"
"Eddy Alvarez","LAD","14","27","0","1","3","1","0.0%","33.3%",".000",".235",".160",".154",".160",".136",".179","-18","-0.1","-3.8","-1.8","-0.5","4","4","0","0","0","9","0","0",".314","1.80","17.6%","52.9%","29.4%","0.0%","0.0%","0.0%","41.8%","72.7%","55.6%","87.0%","75.0%","80.0%","44.4%","11.1%","27.8%","28.3%",".191","88.0","10.3","0.0%","101.4",".220","16959"
"Kevin Padlo","- - -","13","34","0","0","3","0","2.9%","29.4%",".030",".174",".121",".147",".152",".135",".177","-13","-0.3","-5.0","-1.8","-0.6","4","3","1","0","1","10","0","0",".299","0.91","8.7%","43.5%","47.8%","18.2%","0.0%","0.0%","39.5%","72.5%","52.3%","56.3%","81.1%","69.6%","38.6%","15.9%","43.5%","29.5%",".163","90.8","16.4","0.0%","111.4",".210","16593"
"Jose Rojas","LAA","22","57","0","1","1","0","0.0%","33.3%",".036",".189",".125",".140",".161",".134",".182","-24","-0.3","-8.3","0.9","-0.6","7","5","2","0","0","19","1","0",".301","0.67","18.9%","32.4%","48.6%","33.3%","0.0%","0.0%","42.6%","73.6%","57.0%","67.3%","80.8%","75.4%","46.5%","14.0%","32.4%","29.4%",".167","84.8","27.9","2.7%","107.0",".231","19331"
"Bryce Johnson","SFG","11","19","0","1","2","0","5.3%","36.8%",".000",".182",".111",".158",".111",".129",".181","-23","0.2","-2.5","1.0","-0.1","2","2","0","0","1","7","0","0",".269","1.33","36.4%","36.4%","27.3%","0.0%","0.0%","0.0%","41.2%","60.9%","49.1%","64.3%","78.6%","71.4%","40.4%","14.0%","18.2%","35.1%",".163","82.6","13.5","0.0%","96.3",".187","20002"
"Terrance Gore","NYM","10","8","0","1","0","3","0.0%","37.5%",".000",".250",".143",".143",".143",".126",".128","-20","0.7","-0.4","0.5","0.0","1","1","0","0","0","3","0","0",".286","0.50","25.0%","25.0%","50.0%","50.0%","0.0%","0.0%","12.5%","71.4%","40.0%","50.0%","80.0%","75.0%","46.7%","10.0%","0.0%","33.3%",".136","82.4","27.3","0.0%","86.4",".158","13658"
"Yonny Hernandez","ARI","12","28","0","2","0","2","7.1%","14.3%",".000",".100",".083",".154",".083",".121",".202","-32","0.8","-3.5","-0.2","-0.3","2","2","0","0","2","4","0","0",".237","14.00","21.1%","73.7%","5.3%","0.0%","0.0%","21.4%","26.8%","59.0%","43.6%","93.3%","86.1%","88.2%","52.1%","5.1%","13.6%","27.4%",".170","82.3","-12.5","0.0%","99.3",".201","19432"
"Israel Pineda","WSN","4","14","0","1","0","0","7.1%","50.0%",".000",".167",".077",".143",".077",".112",".131","-37","0.0","-2.2","0.2","-0.2","1","1","0","0","1","7","0","0",".220","1.50","16.7%","50.0%","33.3%","0.0%","0.0%","0.0%","52.9%","69.2%","62.8%","33.3%","83.3%","66.7%","60.5%","20.9%","16.7%","34.9%",".091","88.9","7.2","0.0%","98.9",".112","22906"
"Ender Inciarte","NYM","11","8","0","1","0","0","0.0%","0.0%",".000",".125",".125",".125",".125",".110",".201","-31","0.0","-1.2","0.2","-0.1","1","1","0","0","0","0","0","0",".250","6.00","12.5%","75.0%","12.5%","0.0%","0.0%","16.7%","30.8%","66.7%","51.6%","75.0%","100.0%","93.8%","58.1%","3.2%","12.5%","22.6%",".202","74.0","-15.4","0.0%","96.4",".263","4922"
"Zack Short","DET","6","13","0","2","2","1","15.4%","38.5%",".000",".000",".000",".154",".000",".106",".232","-41","0.8","-1.3","0.1","-0.1","0","0","0","0","2","5","0","0",".154","0.00","0.0%","0.0%","100.0%","16.7%","0.0%","0.0%","18.8%","70.0%","38.5%","33.3%","64.3%","55.0%","38.5%","17.3%","50.0%","40.4%",".112","91.8","39.8","33.3%","105.3",".269","19562"
"Bobby Bradley","CLE","8","17","0","1","0","0","0.0%","52.9%",".000",".250",".118",".118",".118",".104",".144","-44","0.0","-2.8","-1.3","-0.4","2","2","0","0","0","9","0","0",".235","2.50","12.5%","62.5%","25.0%","0.0%","0.0%","0.0%","34.4%","75.0%","54.7%","36.4%","58.3%","51.4%","50.0%","26.6%","50.0%","42.2%",".147","87.5","2.7","0.0%","105.0",".185","17278"
"Billy Hamilton","- - -","37","23","0","13","0","10","8.7%","52.2%",".000",".125",".050",".136",".050",".103",".196","-41","3.0","-0.7","-1.0","-0.1","1","1","0","0","2","12","0","1",".186","0.25","16.7%","16.7%","66.7%","25.0%","0.0%","0.0%","39.2%","77.8%","55.2%","55.0%","46.4%","50.0%","41.4%","27.6%","11.1%","37.9%",".154","78.4","28.3","0.0%","105.7",".174","10199"
"Jose Godoy","- - -","10","22","0","3","1","0","9.1%","40.9%",".000",".091",".050",".136",".050",".103",".158","-42","0.2","-3.4","0.8","-0.2","1","1","0","0","2","9","0","0",".186","2.50","30.0%","50.0%","20.0%","0.0%","0.0%","0.0%","49.1%","80.6%","60.5%","55.6%","76.0%","65.4%","36.0%","20.7%","18.2%","28.7%",".110","78.0","-3.0","0.0%","106.0",".129","15808"
"Travis Swaggerty","PIT","5","9","0","0","0","0","0.0%","44.4%",".000",".200",".111",".111",".111",".098",".056","-46","0.0","-1.5","-0.7","-0.2","1","1","0","0","0","4","0","0",".222","1.50","0.0%","60.0%","40.0%","0.0%","0.0%","33.3%","30.0%","72.2%","50.0%","16.7%","84.6%","63.2%","47.4%","18.4%","60.0%","31.6%",".058","92.1","11.7","0.0%","102.4",".070","24491"
"Lucius Fox","WSN","10","28","0","2","2","1","3.6%","32.1%",".000",".125",".080",".115",".080",".094",".182","-50","0.3","-4.6","-2.0","-0.6","2","2","0","0","1","9","0","0",".195","4.00","6.3%","75.0%","18.8%","0.0%","0.0%","0.0%","36.1%","68.8%","50.5%","50.0%","87.9%","72.7%","44.0%","13.8%","33.3%","30.3%",".156","81.8","-3.5","5.6%","103.6",".211","18899"
"Tim Beckham","MIN","12","25","0","1","1","0","0.0%","36.0%",".000",".125",".080",".080",".080",".071",".181","-66","-0.4","-5.1","-1.2","-0.6","2","2","0","0","0","9","0","0",".160","6.50","6.3%","81.3%","12.5%","0.0%","0.0%","7.7%","38.5%","82.1%","57.1%","35.0%","84.4%","65.4%","42.9%","19.8%","50.0%","29.7%",".186","90.5","-0.4","0.0%","105.2",".235","7949"
"Christian Lopes","OAK","4","10","0","0","0","0","10.0%","50.0%",".000",".000",".000",".100",".000",".069",".222","-63","0.1","-1.7","-0.5","-0.2","0","0","0","0","1","5","0","0",".100","1.00","50.0%","25.0%","25.0%","100.0%","0.0%","0.0%","33.3%","76.5%","48.9%","60.0%","92.3%","78.3%","36.2%","10.6%","25.0%","27.7%",".173","91.1","27.6","0.0%","100.6",".223","13472"
"Tommy Hunter","NYM","18","0","0","0","0","0","0.0%","0.0%",".000",".000",".000",".000",".000",".000","","","0.0","0.0","0.0","0.0","0","0","0","0","0","0","0","0",".000","0.00","0.0%","0.0%","0.0%","0.0%","0.0%","0.0%","","","","","","","","","","","","","","","","","1157"
"Matt Bush","- - -","65","0","0","0","0","0","0.0%","0.0%",".000",".000",".000",".000",".000",".000","","","0.0","0.0","0.0","0.0","0","0","0","0","0","0","0","0",".000","0.00","0.0%","0.0%","0.0%","0.0%","0.0%","0.0%","","","","","","","","","","","","","","","","","1246"
"Adam Ottavino","NYM","66","0","0","0","0","0","0.0%","0.0%",".000",".000",".000",".000",".000",".000","","","0.0","0.0","0.0","0.0","0","0","0","0","0","0","0","0",".000","0.00","0.0%","0.0%","0.0%","0.0%","0.0%","0.0%","","","","","","","","","","","","","","","","","1247"
"Oliver Perez","ARI","7","0","0","0","0","0","0.0%","0.0%",".000",".000",".000",".000",".000",".000","","","0.0","0.0","0.0","0.0","0","0","0","0","0","0","0","0",".000","0.00","0.0%","0.0%","0.0%","0.0%","0.0%","0.0%","","","","","","","","","","","","","","","","","1514"
"Sean Doolittle","WSN","6","0","0","0","0","0","0.0%","0.0%",".000",".000",".000",".000",".000",".000","","","0.0","0.0","0.0","0.0","0","0","0","0","0","0","0","0",".000","0.00","0.0%","0.0%","0.0%","0.0%","0.0%","0.0%","","","","","","","","","","","","","","","","","1581"
"Matt Moore","TEX","63","0","0","0","0","0","0.0%","0.0%",".000",".000",".000",".000",".000",".000","","","0.0","0.0","0.0","0.0","0","0","0","0","0","0","0","0",".000","0.00","0.0%","0.0%","0.0%","0.0%","0.0%","0.0%","","","","","","","","","","","","","","","","","1890"
"Zack Greinke","KCR","26","0","0","0","0","0","0.0%","0.0%",".000",".000",".000",".000",".000",".000","","","0.0","0.0","0.0","0.0","0","0","0","0","0","0","0","0",".000","0.00","0.0%","0.0%","0.0%","0.0%","0.0%","0.0%","","","","","","","","","","","","","","","","","1943"
"Clayton Kershaw","LAD","22","0","0","0","0","0","0.0%","0.0%",".000",".000",".000",".000",".000",".000","","","0.0","0.0","0.0","0.0","0","0","0","0","0","0","0","0",".000","0.00","0.0%","0.0%","0.0%","0.0%","0.0%","0.0%","","","","","","","","","","","","","","","","","2036"
"Adam Wainwright","STL","32","0","0","0","0","0","0.0%","0.0%",".000",".000",".000",".000",".000",".000","","","0.0","0.0","0.0","0.0","0","0","0","0","0","0","0","0",".000","0.00","0.0%","0.0%","0.0%","0.0%","0.0%","0.0%","","","","","","","","","","","","","","","","","2233"
"Corey Kluber","TBR","31","0","0","0","0","0","0.0%","0.0%",".000",".000",".000",".000",".000",".000","","","0.0","0.0","0.0","0.0","0","0","0","0","0","0","0","0",".000","0.00","0.0%","0.0%","0.0%","0.0%","0.0%","0.0%","","","","","","","","","","","","","","","","","2429"
"Lance Lynn","CHW","21","0","0","0","0","0","0.0%","0.0%",".000",".000",".000",".000",".000",".000","","","0.0","0.0","0.0","0.0","0","0","0","0","0","0","0","0",".000","0.00","0.0%","0.0%","0.0%","0.0%","0.0%","0.0%","","","","","","","","","","","","","","","","","2520"
"Jhoulys Chacin","COL","35","0","0","0","0","0","0.0%","0.0%",".000",".000",".000",".000",".000",".000","","","0.0","0.0","0.0","0.0","0","0","0","0","0","0","0","0",".000","0.00","0.0%","0.0%","0.0%","0.0%","0.0%","0.0%","","","","","","","","","","","","","","","","","2608"
"Ross Detwiler","CIN","30","0","0","0","0","0","0.0%","0.0%",".000",".000",".000",".000",".000",".000","","","0.0","0.0","0.0","0.0","0","0","0","0","0","0","0","0",".000","0.00","0.0%","0.0%","0.0%","0.0%","0.0%","0.0%","","","","","","","","","","","","","","","","","2859"
"Kenley Jansen","ATL","65","0","0","0","0","0","0.0%","0.0%",".000",".000",".000",".000",".000",".000","","","0.0","0.0","0.0","0.0","0","0","0","0","0","0","0","0",".000","0.00","0.0%","0.0%","0.0%","0.0%","0.0%","0.0%","","","","","","","","","","","","","","","","","3096"
"Max Scherzer","NYM","23","0","0","0","0","0","0.0%","0.0%",".000",".000",".000",".000",".000",".000","","","0.0","0.0","0.0","0.0","0","0","0","0","0","0","0","0",".000","0.00","0.0%","0.0%","0.0%","0.0%","0.0%","0.0%","","","","","","","","","","","","","","","","","3137"
"David Price","LAD","40","0","0","0","0","0","0.0%","0.0%",".000",".000",".000",".000",".000",".000","","","0.0","0.0","0.0","0.0","0","0","0","0","0","0","0","0",".000","0.00","0.0%","0.0%","0.0%","0.0%","0.0%","0.0%","","","","","","","","","","","","","","","","","3184"
"T.J. McFarland","STL","28","0","0","0","0","0","0.0%","0.0%",".000",".000",".000",".000",".000",".000","","","0.0","0.0","0.0","0.0","0","0","0","0","0","0","0","0",".000","0.00","0.0%","0.0%","0.0%","0.0%","0.0%","0.0%","","","","","","","","","","","","","","","","","3237"
"Zack Britton","NYY","3","0","0","0","0","0","0.0%","0.0%",".000",".000",".000",".000",".000",".000","","","0.0","0.0","0.0","0.0","0","0","0","0","0","0","0","0",".000","0.00","0.0%","0.0%","0.0%","0.0%","0.0%","0.0%","","","","","","","","","","","","","","","","","3240"
"Joe Smith","MIN","34","0","0","0","0","0","0.0%","0.0%",".000",".000",".000",".000",".000",".000","","","0.0","0.0","0.0","0.0","0","0","0","0","0","0","0","0",".000","0.00","0.0%","0.0%","0.0%","0.0%","0.0%","0.0%","","","","","","","","","","","","","","","","","3281"
"Anibal Sanchez","WSN","14","0","0","0","0","0","0.0%","0.0%",".000",".000",".000",".000",".000",".000","","","0.0","0.0","0.0","0.0","0","0","0","0","0","0","0","0",".000","0.00","0.0%","0.0%","0.0%","0.0%","0.0%","0.0%","","","","","","","","","","","","","","","","","3284"
"Darren O'Day","ATL","28","0","0","0","0","0","0.0%","0.0%",".000",".000",".000",".000",".000",".000","","","0.0","0.0","0.0","0.0","0","0","0","0","0","0","0","0",".000","0.00","0.0%","0.0%","0.0%","0.0%","0.0%","0.0%","","","","","","","","","","","","","","","","","3321"
"Liam Hendriks","CHW","58","0","0","0","0","0","0.0%","0.0%",".000",".000",".000",".000",".000",".000","","","0.0","0.0","0.0","0.0","0","0","0","0","0","0","0","0",".000","0.00","0.0%","0.0%","0.0%","0.0%","0.0%","0.0%","","","","","","","","","","","","","","","","","3548"
"Mark Melancon","ARI","62","0","0","0","0","0","0.0%","0.0%",".000",".000",".000",".000",".000",".000","","","0.0","0.0","0.0","0.0","0","0","0","0","0","0","0","0",".000","0.00","0.0%","0.0%","0.0%","0.0%","0.0%","0.0%","","","","","","","","","","","","","","","","","4264"
"Justin Wilson","CIN","5","0","0","0","0","0","0.0%","0.0%",".000",".000",".000",".000",".000",".000","","","0.0","0.0","0.0","0.0","0","0","0","0","0","0","0","0",".000","0.00","0.0%","0.0%","0.0%","0.0%","0.0%","0.0%","","","","","","","","","","","","","","","","","4301"
"Charlie Morton","ATL","31","0","0","0","0","0","0.0%","0.0%",".000",".000",".000",".000",".000",".000","","","0.0","0.0","0.0","0.0","0","0","0","0","0","0","0","0",".000","0.00","0.0%","0.0%","0.0%","0.0%","0.0%","0.0%","","","","","","","","","","","","","","","","","4676"
"Rich Hill","BOS","26","0","0","0","0","0","0.0%","0.0%",".000",".000",".000",".000",".000",".000","","","0.0","0.0","0.0","0.0","0","0","0","0","0","0","0","0",".000","0.00","0.0%","0.0%","0.0%","0.0%","0.0%","0.0%","","","","","","","","","","","","","","","","","4806"
"Jake Diekman","- - -","70","0","0","0","0","0","0.0%","0.0%",".000",".000",".000",".000",".000",".000","","","0.0","0.0","0.0","0.0","0","0","0","0","0","0","0","0",".000","0.00","0.0%","0.0%","0.0%","0.0%","0.0%","0.0%","","","","","","","","","","","","","","","","","5003"
"Anthony Gose","CLE","22","0","0","0","0","0","0.0%","0.0%",".000",".000",".000",".000",".000",".000","","","0.0","0.0","0.0","0.0","0","0","0","0","0","0","0","0",".000","0.00","0.0%","0.0%","0.0%","0.0%","0.0%","0.0%","","","","","","","","","","","","","","","","","5097"
"Jeurys Familia","- - -","48","0","0","0","0","0","0.0%","0.0%",".000",".000",".000",".000",".000",".000","","","0.0","0.0","0.0","0.0","0","0","0","0","0","0","0","0",".000","0.00","0.0%","0.0%","0.0%","0.0%","0.0%","0.0%","","","","","","","","","","","","","","","","","5114"
"Jose Alvarez","SFG","21","0","0","0","0","0","0.0%","0.0%",".000",".000",".000",".000",".000",".000","","","0.0","0.0","0.0","0.0","0","0","0","0","0","0","0","0",".000","0.00","0.0%","0.0%","0.0%","0.0%","0.0%","0.0%","","","","","","","","","","","","","","","","","5358"
"Manny Banuelos","- - -","35","0","0","0","0","0","0.0%","0.0%",".000",".000",".000",".000",".000",".000","","","0.0","0.0","0.0","0.0","0","0","0","0","0","0","0","0",".000","0.00","0.0%","0.0%","0.0%","0.0%","0.0%","0.0%","","","","","","","","","","","","","","","","","5365"
"Michael Pineda","DET","11","0","0","0","0","0","0.0%","0.0%",".000",".000",".000",".000",".000",".000","","","0.0","0.0","0.0","0.0","0","0","0","0","0","0","0","0",".000","0.00","0.0%","0.0%","0.0%","0.0%","0.0%","0.0%","","","","","","","","","","","","","","","","","5372"
"Pedro Baez","HOU","3","0","0","0","0","0","0.0%","0.0%",".000",".000",".000",".000",".000",".000","","","0.0","0.0","0.0","0.0","0","0","0","0","0","0","0","0",".000","0.00","0.0%","0.0%","0.0%","0.0%","0.0%","0.0%","","","","","","","","","","","","","","","","","5420"
"Jesse Chavez","- - -","60","0","0","0","0","0","0.0%","0.0%",".000",".000",".000",".000",".000",".000","","","0.0","0.0","0.0","0.0","0","0","0","0","0","0","0","0",".000","0.00","0.0%","0.0%","0.0%","0.0%","0.0%","0.0%","","","","","","","","","","","","","","","","","5448"
"Arodys Vizcaino","KCR","7","0","0","0","0","0","0.0%","0.0%",".000",".000",".000",".000",".000",".000","","","0.0","0.0","0.0","0.0","0","0","0","0","0","0","0","0",".000","0.00","0.0%","0.0%","0.0%","0.0%","0.0%","0.0%","","","","","","","","","","","","","","","","","5498"
"Madison Bumgarner","ARI","30","0","0","0","0","0","0.0%","0.0%",".000",".000",".000",".000",".000",".000","","","0.0","0.0","0.0","0.0","0","0","0","0","0","0","0","0",".000","0.00","0.0%","0.0%","0.0%","0.0%","0.0%","0.0%","","","","","","","","","","","","","","","","","5524"
"Ryan Brasier","BOS","68","0","0","0","0","0","0.0%","0.0%",".000",".000",".000",".000",".000",".000","","","0.0","0.0","0.0","0.0","0","0","0","0","0","0","0","0",".000","0.00","0.0%","0.0%","0.0%","0.0%","0.0%","0.0%","","","","","","","","","","","","","","","","","5615"
"Tyler Clippard","WSN","4","0","0","0","0","0","0.0%","0.0%",".000",".000",".000",".000",".000",".000","","","0.0","0.0","0.0","0.0","0","0","0","0","0","0","0","0",".000","0.00","0.0%","0.0%","0.0%","0.0%","0.0%","0.0%","","","","","","","","","","","","","","","","","5640"
"Huascar Brazoban","MIA","27","0","0","0","0","0","0.0%","0.0%",".000",".000",".000",".000",".000",".000","","","0.0","0.0","0.0","0.0","0","0","0","0","0","0","0","0",".000","0.00","0.0%","0.0%","0.0%","0.0%","0.0%","0.0%","","","","","","","","","","","","","","","","","6107"
"David Phelps","TOR","65","0","0","0","0","0","0.0%","0.0%",".000",".000",".000",".000",".000",".000","","","0.0","0.0","0.0","0.0","0","0","0","0","0","0","0","0",".000","0.00","0.0%","0.0%","0.0%","0.0%","0.0%","0.0%","","","","","","","","","","","","","","","","","6316"
"Chris Archer","MIN","25","0","0","0","0","0","0.0%","0.0%",".000",".000",".000",".000",".000",".000","","","0.0","0.0","0.0","0.0","0","0","0","0","0","0","0","0",".000","0.00","0.0%","0.0%","0.0%","0.0%","0.0%","0.0%","","","","","","","","","","","","","","","","","6345"
"Jake Odorizzi","- - -","22","0","0","0","0","0","0.0%","0.0%",".000",".000",".000",".000",".000",".000","","","0.0","0.0","0.0","0.0","0","0","0","0","0","0","0","0",".000","0.00","0.0%","0.0%","0.0%","0.0%","0.0%","0.0%","","","","","","","","","","","","","","","","","6397"
"Trevor May","NYM","26","0","0","0","0","0","0.0%","0.0%",".000",".000",".000",".000",".000",".000","","","0.0","0.0","0.0","0.0","0","0","0","0","0","0","0","0",".000","0.00","0.0%","0.0%","0.0%","0.0%","0.0%","0.0%","","","","","","","","","","","","","","","","","6398"
"Jose Cisnero","DET","28","0","0","0","0","0","0.0%","0.0%",".000",".000",".000",".000",".000",".000","","","0.0","0.0","0.0","0.0","0","0","0","0","0","0","0","0",".000","0.00","0.0%","0.0%","0.0%","0.0%","0.0%","0.0%","","","","","","","","","","","","","","","","","6399"
"Steve Cishek","WSN","69","0","0","0","0","0","0.0%","0.0%",".000",".000",".000",".000",".000",".000","","","0.0","0.0","0.0","0.0","0","0","0","0","0","0","0","0",".000","0.00","0.0%","0.0%","0.0%","0.0%","0.0%","0.0%","","","","","","","","","","","","","","","","","6483"
"Alex Cobb","SFG","28","0","0","0","0","0","0.0%","0.0%",".000",".000",".000",".000",".000",".000","","","0.0","0.0","0.0","0.0","0","0","0","0","0","0","0","0",".000","0.00","0.0%","0.0%","0.0%","0.0%","0.0%","0.0%","","","","","","","","","","","","","","","","","6562"
"Carlos Carrasco","NYM","29","0","0","0","0","0","0.0%","0.0%",".000",".000",".000",".000",".000",".000","","","0.0","0.0","0.0","0.0","0","0","0","0","0","0","0","0",".000","0.00","0.0%","0.0%","0.0%","0.0%","0.0%","0.0%","","","","","","","","","","","","","","","","","6632"
"Craig Kimbrel","LAD","63","0","0","0","0","0","0.0%","0.0%",".000",".000",".000",".000",".000",".000","","","0.0","0.0","0.0","0.0","0","0","0","0","0","0","0","0",".000","0.00","0.0%","0.0%","0.0%","0.0%","0.0%","0.0%","","","","","","","","","","","","","","","","","6655"
"Alex Colome","COL","53","0","0","0","0","0","0.0%","0.0%",".000",".000",".000",".000",".000",".000","","","0.0","0.0","0.0","0.0","0","0","0","0","0","0","0","0",".000","0.00","0.0%","0.0%","0.0%","0.0%","0.0%","0.0%","","","","","","","","","","","","","","","","","6661"
"Johnny Cueto","CHW","25","0","0","0","0","0","0.0%","0.0%",".000",".000",".000",".000",".000",".000","","","0.0","0.0","0.0","0.0","0","0","0","0","0","0","0","0",".000","0.00","0.0%","0.0%","0.0%","0.0%","0.0%","0.0%","","","","","","","","","","","","","","","","","6893"
"Chase Anderson","CIN","9","0","0","0","0","0","0.0%","0.0%",".000",".000",".000",".000",".000",".000","","","0.0","0.0","0.0","0.0","0","0","0","0","0","0","0","0",".000","0.00","0.0%","0.0%","0.0%","0.0%","0.0%","0.0%","","","","","","","","","","","","","","","","","6895"
"Martin Perez","TEX","32","0","0","0","0","0","0.0%","0.0%",".000",".000",".000",".000",".000",".000","","","0.0","0.0","0.0","0.0","0","0","0","0","0","0","0","0",".000","0.00","0.0%","0.0%","0.0%","0.0%","0.0%","0.0%","","","","","","","","","","","","","","","","","6902"
"Luis Garcia","SDP","64","0","0","0","0","0","0.0%","0.0%",".000",".000",".000",".000",".000",".000","","","0.0","0.0","0.0","0.0","0","0","0","0","0","0","0","0",".000","0.00","0.0%","0.0%","0.0%","0.0%","0.0%","0.0%","","","","","","","","","","","","","","","","","6984"
"Ian Kennedy","ARI","57","0","0","0","0","0","0.0%","0.0%",".000",".000",".000",".000",".000",".000","","","0.0","0.0","0.0","0.0","0","0","0","0","0","0","0","0",".000","0.00","0.0%","0.0%","0.0%","0.0%","0.0%","0.0%","","","","","","","","","","","","","","","","","6986"
"Ryan Pressly","HOU","50","0","0","0","0","0","0.0%","0.0%",".000",".000",".000",".000",".000",".000","","","0.0","0.0","0.0","0.0","0","0","0","0","0","0","0","0",".000","0.00","0.0%","0.0%","0.0%","0.0%","0.0%","0.0%","","","","","","","","","","","","","","","","","7005"
"Fernando Cruz","CIN","14","0","0","0","0","0","0.0%","0.0%",".000",".000",".000",".000",".000",".000","","","0.0","0.0","0.0","0.0","0","0","0","0","0","0","0","0",".000","0.00","0.0%","0.0%","0.0%","0.0%","0.0%","0.0%","","","","","","","","","","","","","","","","","7048"
"Daniel Bard","COL","57","0","0","0","0","0","0.0%","0.0%",".000",".000",".000",".000",".000",".000","","","0.0","0.0","0.0","0.0","0","0","0","0","0","0","0","0",".000","0.00","0.0%","0.0%","0.0%","0.0%","0.0%","0.0%","","","","","","","","","","","","","","","","","7115"
"Daniel Hudson","LAD","25","0","0","0","0","0","0.0%","0.0%",".000",".000",".000",".000",".000",".000","","","0.0","0.0","0.0","0.0","0","0","0","0","0","0","0","0",".000","0.00","0.0%","0.0%","0.0%","0.0%","0.0%","0.0%","","","","","","","","","","","","","","","","","7146"
"Greg Holland","TEX","5","0","0","0","0","0","0.0%","0.0%",".000",".000",".000",".000",".000",".000","","","0.0","0.0","0.0","0.0","0","0","0","0","0","0","0","0",".000","0.00","0.0%","0.0%","0.0%","0.0%","0.0%","0.0%","","","","","","","","","","","","","","","","","7196"
"Craig Stammen","SDP","33","0","0","0","0","0","0.0%","0.0%",".000",".000",".000",".000",".000",".000","","","0.0","0.0","0.0","0.0","0","0","0","0","0","0","0","0",".000","0.00","0.0%","0.0%","0.0%","0.0%","0.0%","0.0%","","","","","","","","","","","","","","","","","7274"
"Jay Jackson","ATL","2","0","0","0","0","0","0.0%","0.0%",".000",".000",".000",".000",".000",".000","","","0.0","0.0","0.0","0.0","0","0","0","0","0","0","0","0",".000","0.00","0.0%","0.0%","0.0%","0.0%","0.0%","0.0%","","","","","","","","","","","","","","","","","7432"
"Collin McHugh","ATL","58","0","0","0","0","0","0.0%","0.0%",".000",".000",".000",".000",".000",".000","","","0.0","0.0","0.0","0.0","0","0","0","0","0","0","0","0",".000","0.00","0.0%","0.0%","0.0%","0.0%","0.0%","0.0%","","","","","","","","","","","","","","","","","7531"
"Jake McGee","- - -","42","0","0","0","0","0","0.0%","0.0%",".000",".000",".000",".000",".000",".000","","","0.0","0.0","0.0","0.0","0","0","0","0","0","0","0","0",".000","0.00","0.0%","0.0%","0.0%","0.0%","0.0%","0.0%","","","","","","","","","","","","","","","","","7550"
"Jordan Lyles","BAL","32","0","0","0","0","0","0.0%","0.0%",".000",".000",".000",".000",".000",".000","","","0.0","0.0","0.0","0.0","0","0","0","0","0","0","0","0",".000","0.00","0.0%","0.0%","0.0%","0.0%","0.0%","0.0%","","","","","","","","","","","","","","","","","7593"
"Tommy Milone","SEA","7","0","0","0","0","0","0.0%","0.0%",".000",".000",".000",".000",".000",".000","","","0.0","0.0","0.0","0.0","0","0","0","0","0","0","0","0",".000","0.00","0.0%","0.0%","0.0%","0.0%","0.0%","0.0%","","","","","","","","","","","","","","","","","7608"
"Wily Peralta","DET","28","0","0","0","0","0","0.0%","0.0%",".000",".000",".000",".000",".000",".000","","","0.0","0.0","0.0","0.0","0","0","0","0","0","0","0","0",".000","0.00","0.0%","0.0%","0.0%","0.0%","0.0%","0.0%","","","","","","","","","","","","","","","","","7738"
"Richard Bleier","MIA","55","0","0","0","0","0","0.0%","0.0%",".000",".000",".000",".000",".000",".000","","","0.0","0.0","0.0","0.0","0","0","0","0","0","0","0","0",".000","0.00","0.0%","0.0%","0.0%","0.0%","0.0%","0.0%","","","","","","","","","","","","","","","","","7803"
"Hunter Strickland","CIN","66","0","0","0","0","0","0.0%","0.0%",".000",".000",".000",".000",".000",".000","","","0.0","0.0","0.0","0.0","0","0","0","0","0","0","0","0",".000","0.00","0.0%","0.0%","0.0%","0.0%","0.0%","0.0%","","","","","","","","","","","","","","","","","7836"
"Anthony Bass","- - -","74","0","0","0","0","0","0.0%","0.0%",".000",".000",".000",".000",".000",".000","","","0.0","0.0","0.0","0.0","0","0","0","0","0","0","0","0",".000","0.00","0.0%","0.0%","0.0%","0.0%","0.0%","0.0%","","","","","","","","","","","","","","","","","7982"
"Will Smith","- - -","65","0","0","0","0","0","0.0%","0.0%",".000",".000",".000",".000",".000",".000","","","0.0","0.0","0.0","0.0","0","0","0","0","0","0","0","0",".000","0.00","0.0%","0.0%","0.0%","0.0%","0.0%","0.0%","","","","","","","","","","","","","","","","","8048"
"Bryan Shaw","CLE","60","0","0","0","0","0","0.0%","0.0%",".000",".000",".000",".000",".000",".000","","","0.0","0.0","0.0","0.0","0","0","0","0","0","0","0","0",".000","0.00","0.0%","0.0%","0.0%","0.0%","0.0%","0.0%","","","","","","","","","","","","","","","","","8110"
"David Robertson","- - -","58","1","0","0","0","0","0.0%","100.0%",".000",".000",".000",".000",".000",".000",".000","-100","0.0","-0.2","0.1","0.0","0","0","0","0","0","1","0","0",".000","0.00","0.0%","0.0%","0.0%","0.0%","0.0%","0.0%","40.0%","100.0%","50.0%","0.0%","0.0%","0.0%","16.7%","50.0%","","50.0%","","","","","","","8241"
"Paolo Espino","WSN","42","0","0","0","0","0","0.0%","0.0%",".000",".000",".000",".000",".000",".000","","","0.0","0.0","0.0","0.0","0","0","0","0","0","0","0","0",".000","0.00","0.0%","0.0%","0.0%","0.0%","0.0%","0.0%","","","","","","","","","","","","","","","","","8246"
"Lucas Luetge","NYY","50","0","0","0","0","0","0.0%","0.0%",".000",".000",".000",".000",".000",".000","","","0.0","0.0","0.0","0.0","0","0","0","0","0","0","0","0",".000","0.00","0.0%","0.0%","0.0%","0.0%","0.0%","0.0%","","","","","","","","","","","","","","","","","8337"
"Justin Verlander","HOU","28","0","0","0","0","0","0.0%","0.0%",".000",".000",".000",".000",".000",".000","","","0.0","0.0","0.0","0.0","0","0","0","0","0","0","0","0",".000","0.00","0.0%","0.0%","0.0%","0.0%","0.0%","0.0%","","","","","","","","","","","","","","","","","8700"
"Wade Miley","CHC","9","0","0","0","0","0","0.0%","0.0%",".000",".000",".000",".000",".000",".000","","","0.0","0.0","0.0","0.0","0","0","0","0","0","0","0","0",".000","0.00","0.0%","0.0%","0.0%","0.0%","0.0%","0.0%","","","","","","","","","","","","","","","","","8779"
"Cesar Valdez","LAA","1","0","0","0","0","0","0.0%","0.0%",".000",".000",".000",".000",".000",".000","","","0.0","0.0","0.0","0.0","0","0","0","0","0","0","0","0",".000","0.00","0.0%","0.0%","0.0%","0.0%","0.0%","0.0%","","","","","","","","","","","","","","","","","9013"
"Kirby Yates","ATL","9","0","0","0","0","0","0.0%","0.0%",".000",".000",".000",".000",".000",".000","","","0.0","0.0","0.0","0.0","0","0","0","0","0","0","0","0",".000","0.00","0.0%","0.0%","0.0%","0.0%","0.0%","0.0%","","","","","","","","","","","","","","","","","9073"
"Brad Hand","PHI","55","0","0","0","0","0","0.0%","0.0%",".000",".000",".000",".000",".000",".000","","","0.0","0.0","0.0","0.0","0","0","0","0","0","0","0","0",".000","0.00","0.0%","0.0%","0.0%","0.0%","0.0%","0.0%","","","","","","","","","","","","","","","","","9111"
"Nathan Eovaldi","BOS","20","0","0","0","0","0","0.0%","0.0%",".000",".000",".000",".000",".000",".000","","","0.0","0.0","0.0","0.0","0","0","0","0","0","0","0","0",".000","0.00","0.0%","0.0%","0.0%","0.0%","0.0%","0.0%","","","","","","","","","","","","","","","","","9132"
"Patrick Corbin","WSN","31","0","0","0","0","0","0.0%","0.0%",".000",".000",".000",".000",".000",".000","","","0.0","0.0","0.0","0.0","0","0","0","0","0","0","0","0",".000","0.00","0.0%","0.0%","0.0%","0.0%","0.0%","0.0%","","","","","","","","","","","","","","","","","9323"
"Dallas Keuchel","- - -","14","0","0","0","0","0","0.0%","0.0%",".000",".000",".000",".000",".000",".000","","","0.0","0.0","0.0","0.0","0","0","0","0","0","0","0","0",".000","0.00","0.0%","0.0%","0.0%","0.0%","0.0%","0.0%","","","","","","","","","","","","","","","","","9434"
"Brian Moran","LAA","1","0","0","0","0","0","0.0%","0.0%",".000",".000",".000",".000",".000",".000","","","0.0","0.0","0.0","0.0","0","0","0","0","0","0","0","0",".000","0.00","0.0%","0.0%","0.0%","0.0%","0.0%","0.0%","","","","","","","","","","","","","","","","","9646"
"Joe Kelly","CHW","43","0","0","0","0","0","0.0%","0.0%",".000",".000",".000",".000",".000",".000","","","0.0","0.0","0.0","0.0","0","0","0","0","0","0","0","0",".000","0.00","0.0%","0.0%","0.0%","0.0%","0.0%","0.0%","","","","","","","","","","","","","","","","","9761"
"Garrett Richards","TEX","32","0","0","0","0","0","0.0%","0.0%",".000",".000",".000",".000",".000",".000","","","0.0","0.0","0.0","0.0","0","0","0","0","0","0","0","0",".000","0.00","0.0%","0.0%","0.0%","0.0%","0.0%","0.0%","","","","","","","","","","","","","","","","","9784"
"Miles Mikolas","STL","33","0","0","0","0","0","0.0%","0.0%",".000",".000",".000",".000",".000",".000","","","0.0","0.0","0.0","0.0","0","0","0","0","0","0","0","0",".000","0.00","0.0%","0.0%","0.0%","0.0%","0.0%","0.0%","","","","","","","","","","","","","","","","","9803"
"Sergio Romo","- - -","23","0","0","0","0","0","0.0%","0.0%",".000",".000",".000",".000",".000",".000","","","0.0","0.0","0.0","0.0","0","0","0","0","0","0","0","0",".000","0.00","0.0%","0.0%","0.0%","0.0%","0.0%","0.0%","","","","","","","","","","","","","","","","","9817"
"Mike Minor","CIN","19","0","0","0","0","0","0.0%","0.0%",".000",".000",".000",".000",".000",".000","","","0.0","0.0","0.0","0.0","0","0","0","0","0","0","0","0",".000","0.00","0.0%","0.0%","0.0%","0.0%","0.0%","0.0%","","","","","","","","","","","","","","","","","10021"
"Tyler Matzek","ATL","42","0","0","0","0","0","0.0%","0.0%",".000",".000",".000",".000",".000",".000","","","0.0","0.0","0.0","0.0","0","0","0","0","0","0","0","0",".000","0.00","0.0%","0.0%","0.0%","0.0%","0.0%","0.0%","","","","","","","","","","","","","","","","","10058"
"Brooks Raley","TBR","60","0","0","0","0","0","0.0%","0.0%",".000",".000",".000",".000",".000",".000","","","0.0","0.0","0.0","0.0","0","0","0","0","0","0","0","0",".000","0.00","0.0%","0.0%","0.0%","0.0%","0.0%","0.0%","","","","","","","","","","","","","","","","","10061"
"Caleb Thielbar","MIN","67","0","0","0","0","0","0.0%","0.0%",".000",".000",".000",".000",".000",".000","","","0.0","0.0","0.0","0.0","0","0","0","0","0","0","0","0",".000","0.00","0.0%","0.0%","0.0%","0.0%","0.0%","0.0%","","","","","","","","","","","","","","","","","10078"
"Kyle Gibson","PHI","31","0","0","0","0","0","0.0%","0.0%",".000",".000",".000",".000",".000",".000","","","0.0","0.0","0.0","0.0","0","0","0","0","0","0","0","0",".000","0.00","0.0%","0.0%","0.0%","0.0%","0.0%","0.0%","","","","","","","","","","","","","","","","","10123"
"Stephen Strasburg","WSN","1","0","0","0","0","0","0.0%","0.0%",".000",".000",".000",".000",".000",".000","","","0.0","0.0","0.0","0.0","0","0","0","0","0","0","0","0",".000","0.00","0.0%","0.0%","0.0%","0.0%","0.0%","0.0%","","","","","","","","","","","","","","","","","10131"
"Brad Boxberger","MIL","70","0","0","0","0","0","0.0%","0.0%",".000",".000",".000",".000",".000",".000","","","0.0","0.0","0.0","0.0","0","0","0","0","0","0","0","0",".000","0.00","0.0%","0.0%","0.0%","0.0%","0.0%","0.0%","","","","","","","","","","","","","","","","","10133"
"Ryan Weber","NYY","5","0","0","0","0","0","0.0%","0.0%",".000",".000",".000",".000",".000",".000","","","0.0","0.0","0.0","0.0","0","0","0","0","0","0","0","0",".000","0.00","0.0%","0.0%","0.0%","0.0%","0.0%","0.0%","","","","","","","","","","","","","","","","","10160"
"Shelby Miller","SFG","4","0","0","0","0","0","0.0%","0.0%",".000",".000",".000",".000",".000",".000","","","0.0","0.0","0.0","0.0","0","0","0","0","0","0","0","0",".000","0.00","0.0%","0.0%","0.0%","0.0%","0.0%","0.0%","","","","","","","","","","","","","","","","","10197"
"Aroldis Chapman","NYY","43","0","0","0","0","0","0.0%","0.0%",".000",".000",".000",".000",".000",".000","","","0.0","0.0","0.0","0.0","0","0","0","0","0","0","0","0",".000","0.00","0.0%","0.0%","0.0%","0.0%","0.0%","0.0%","","","","","","","","","","","","","","","","","10233"
"Ryan Tepera","LAA","59","0","0","0","0","0","0.0%","0.0%",".000",".000",".000",".000",".000",".000","","","0.0","0.0","0.0","0.0","0","0","0","0","0","0","0","0",".000","0.00","0.0%","0.0%","0.0%","0.0%","0.0%","0.0%","","","","","","","","","","","","","","","","","10291"
"Zack Wheeler","PHI","26","0","0","0","0","0","0.0%","0.0%",".000",".000",".000",".000",".000",".000","","","0.0","0.0","0.0","0.0","0","0","0","0","0","0","0","0",".000","0.00","0.0%","0.0%","0.0%","0.0%","0.0%","0.0%","","","","","","","","","","","","","","","","","10310"
"Erasmo Ramirez","WSN","60","0","0","0","0","0","0.0%","0.0%",".000",".000",".000",".000",".000",".000","","","0.0","0.0","0.0","0.0","0","0","0","0","0","0","0","0",".000","0.00","0.0%","0.0%","0.0%","0.0%","0.0%","0.0%","","","","","","","","","","","","","","","","","10314"
"Juan Minaya","MIN","6","0","0","0","0","0","0.0%","0.0%",".000",".000",".000",".000",".000",".000","","","0.0","0.0","0.0","0.0","0","0","0","0","0","0","0","0",".000","0.00","0.0%","0.0%","0.0%","0.0%","0.0%","0.0%","","","","","","","","","","","","","","","","","10341"
"Aaron Loup","LAA","65","0","0","0","0","0","0.0%","0.0%",".000",".000",".000",".000",".000",".000","","","0.0","0.0","0.0","0.0","0","0","0","0","0","0","0","0",".000","0.00","0.0%","0.0%","0.0%","0.0%","0.0%","0.0%","","","","","","","","","","","","","","","","","10343"
"Robbie Erlin","LAD","2","0","0","0","0","0","0.0%","0.0%",".000",".000",".000",".000",".000",".000","","","0.0","0.0","0.0","0.0","0","0","0","0","0","0","0","0",".000","0.00","0.0%","0.0%","0.0%","0.0%","0.0%","0.0%","","","","","","","","","","","","","","","","","10354"
"Mychal Givens","- - -","59","0","0","0","0","0","0.0%","0.0%",".000",".000",".000",".000",".000",".000","","","0.0","0.0","0.0","0.0","0","0","0","0","0","0","0","0",".000","0.00","0.0%","0.0%","0.0%","0.0%","0.0%","0.0%","","","","","","","","","","","","","","","","","10430"
"Scott Alexander","SFG","17","0","0","0","0","0","0.0%","0.0%",".000",".000",".000",".000",".000",".000","","","0.0","0.0","0.0","0.0","0","0","0","0","0","0","0","0",".000","0.00","0.0%","0.0%","0.0%","0.0%","0.0%","0.0%","","","","","","","","","","","","","","","","","10591"
"Chris Sale","BOS","2","0","0","0","0","0","0.0%","0.0%",".000",".000",".000",".000",".000",".000","","","0.0","0.0","0.0","0.0","0","0","0","0","0","0","0","0",".000","0.00","0.0%","0.0%","0.0%","0.0%","0.0%","0.0%","","","","","","","","","","","","","","","","","10603"
"Andrew Bellatti","PHI","59","0","0","0","0","0","0.0%","0.0%",".000",".000",".000",".000",".000",".000","","","0.0","0.0","0.0","0.0","0","0","0","0","0","0","0","0",".000","0.00","0.0%","0.0%","0.0%","0.0%","0.0%","0.0%","","","","","","","","","","","","","","","","","10657"
"Tyler Thornburg","- - -","14","0","0","0","0","0","0.0%","0.0%",".000",".000",".000",".000",".000",".000","","","0.0","0.0","0.0","0.0","0","0","0","0","0","0","0","0",".000","0.00","0.0%","0.0%","0.0%","0.0%","0.0%","0.0%","","","","","","","","","","","","","","","","","10688"
"Drew Hutchison","DET","28","0","0","0","0","0","0.0%","0.0%",".000",".000",".000",".000",".000",".000","","","0.0","0.0","0.0","0.0","0","0","0","0","0","0","0","0",".000","0.00","0.0%","0.0%","0.0%","0.0%","0.0%","0.0%","","","","","","","","","","","","","","","","","10732"
"Shane Greene","- - -","2","0","0","0","0","0","0.0%","0.0%",".000",".000",".000",".000",".000",".000","","","0.0","0.0","0.0","0.0","0","0","0","0","0","0","0","0",".000","0.00","0.0%","0.0%","0.0%","0.0%","0.0%","0.0%","","","","","","","","","","","","","","","","","10756"
"Adam Kolarek","OAK","15","0","0","0","0","0","0.0%","0.0%",".000",".000",".000",".000",".000",".000","","","0.0","0.0","0.0","0.0","0","0","0","0","0","0","0","0",".000","0.00","0.0%","0.0%","0.0%","0.0%","0.0%","0.0%","","","","","","","","","","","","","","","","","10843"
"Chasen Shreve","NYM","25","0","0","0","0","0","0.0%","0.0%",".000",".000",".000",".000",".000",".000","","","0.0","0.0","0.0","0.0","0","0","0","0","0","0","0","0",".000","0.00","0.0%","0.0%","0.0%","0.0%","0.0%","0.0%","","","","","","","","","","","","","","","","","10855"
"Jacob deGrom","NYM","11","0","0","0","0","0","0.0%","0.0%",".000",".000",".000",".000",".000",".000","","","0.0","0.0","0.0","0.0","0","0","0","0","0","0","0","0",".000","0.00","0.0%","0.0%","0.0%","0.0%","0.0%","0.0%","","","","","","","","","","","","","","","","","10954"
"Casey Lawrence","TOR","6","0","0","0","0","0","0.0%","0.0%",".000",".000",".000",".000",".000",".000","","","0.0","0.0","0.0","0.0","0","0","0","0","0","0","0","0",".000","0.00","0.0%","0.0%","0.0%","0.0%","0.0%","0.0%","","","","","","","","","","","","","","","","","11121"
"Merrill Kelly","ARI","33","0","0","0","0","0","0.0%","0.0%",".000",".000",".000",".000",".000",".000","","","0.0","0.0","0.0","0.0","0","0","0","0","0","0","0","0",".000","0.00","0.0%","0.0%","0.0%","0.0%","0.0%","0.0%","","","","","","","","","","","","","","","","","11156"
"Vince Velasquez","CHW","27","0","0","0","0","0","0.0%","0.0%",".000",".000",".000",".000",".000",".000","","","0.0","0.0","0.0","0.0","0","0","0","0","0","0","0","0",".000","0.00","0.0%","0.0%","0.0%","0.0%","0.0%","0.0%","","","","","","","","","","","","","","","","","11189"
"Tommy Kahnle","LAD","13","0","0","0","0","0","0.0%","0.0%",".000",".000",".000",".000",".000",".000","","","0.0","0.0","0.0","0.0","0","0","0","0","0","0","0","0",".000","0.00","0.0%","0.0%","0.0%","0.0%","0.0%","0.0%","","","","","","","","","","","","","","","","","11384"
"Jose Quintana","- - -","32","0","0","0","0","0","0.0%","0.0%",".000",".000",".000",".000",".000",".000","","","0.0","0.0","0.0","0.0","0","0","0","0","0","0","0","0",".000","0.00","0.0%","0.0%","0.0%","0.0%","0.0%","0.0%","","","","","","","","","","","","","","","","","11423"
"Tony Wolters","LAD","2","4","0","0","0","0","0.0%","75.0%",".000",".000",".000",".000",".000",".000",".005","-100","0.0","-1.0","0.0","-0.1","0","0","0","0","0","3","0","0",".000","0.00","0.0%","0.0%","100.0%","0.0%","0.0%","0.0%","42.9%","75.0%","60.0%","66.7%","83.3%","77.8%","53.3%","13.3%","0.0%","33.3%",".004","87.1","34.5","0.0%","87.1",".009","11470"
"Robbie Ray","SEA","32","0","0","0","0","0","0.0%","0.0%",".000",".000",".000",".000",".000",".000","","","0.0","0.0","0.0","0.0","0","0","0","0","0","0","0","0",".000","0.00","0.0%","0.0%","0.0%","0.0%","0.0%","0.0%","","","","","","","","","","","","","","","","","11486"
"Joely Rodriguez","NYM","55","0","0","0","0","0","0.0%","0.0%",".000",".000",".000",".000",".000",".000","","","0.0","0.0","0.0","0.0","0","0","0","0","0","0","0","0",".000","0.00","0.0%","0.0%","0.0%","0.0%","0.0%","0.0%","","","","","","","","","","","","","","","","","11487"
"Aaron Sanchez","- - -","15","0","0","0","0","0","0.0%","0.0%",".000",".000",".000",".000",".000",".000","","","0.0","0.0","0.0","0.0","0","0","0","0","0","0","0","0",".000","0.00","0.0%","0.0%","0.0%","0.0%","0.0%","0.0%","","","","","","","","","","","","","","","","","11490"
"Jose Urena","- - -","21","0","0","0","0","0","0.0%","0.0%",".000",".000",".000",".000",".000",".000","","","0.0","0.0","0.0","0.0","0","0","0","0","0","0","0","0",".000","0.00","0.0%","0.0%","0.0%","0.0%","0.0%","0.0%","","","","","","","","","","","","","","","","","11589"
"Heath Hembree","- - -","26","0","0","0","0","0","0.0%","0.0%",".000",".000",".000",".000",".000",".000","","","0.0","0.0","0.0","0.0","0","0","0","0","0","0","0","0",".000","0.00","0.0%","0.0%","0.0%","0.0%","0.0%","0.0%","","","","","","","","","","","","","","","","","11632"
"Jameson Taillon","NYY","32","0","0","0","0","0","0.0%","0.0%",".000",".000",".000",".000",".000",".000","","","0.0","0.0","0.0","0.0","0","0","0","0","0","0","0","0",".000","0.00","0.0%","0.0%","0.0%","0.0%","0.0%","0.0%","","","","","","","","","","","","","","","","","11674"
"Justin Grimm","OAK","15","0","0","0","0","0","0.0%","0.0%",".000",".000",".000",".000",".000",".000","","","0.0","0.0","0.0","0.0","0","0","0","0","0","0","0","0",".000","0.00","0.0%","0.0%","0.0%","0.0%","0.0%","0.0%","","","","","","","","","","","","","","","","","11720"
"Drew Smyly","CHC","22","0","0","0","0","0","0.0%","0.0%",".000",".000",".000",".000",".000",".000","","","0.0","0.0","0.0","0.0","0","0","0","0","0","0","0","0",".000","0.00","0.0%","0.0%","0.0%","0.0%","0.0%","0.0%","","","","","","","","","","","","","","","","","11760"
"Noah Syndergaard","- - -","25","0","0","0","0","0","0.0%","0.0%",".000",".000",".000",".000",".000",".000","","","0.0","0.0","0.0","0.0","0","0","0","0","0","0","0","0",".000","0.00","0.0%","0.0%","0.0%","0.0%","0.0%","0.0%","","","","","","","","","","","","","","","","","11762"
"Hansel Robles","BOS","26","0","0","0","0","0","0.0%","0.0%",".000",".000",".000",".000",".000",".000","","","0.0","0.0","0.0","0.0","0","0","0","0","0","0","0","0",".000","0.00","0.0%","0.0%","0.0%","0.0%","0.0%","0.0%","","","","","","","","","","","","","","","","","11801"
"Hector Neris","HOU","70","0","0","0","0","0","0.0%","0.0%",".000",".000",".000",".000",".000",".000","","","0.0","0.0","0.0","0.0","0","0","0","0","0","0","0","0",".000","0.00","0.0%","0.0%","0.0%","0.0%","0.0%","0.0%","","","","","","","","","","","","","","","","","11804"
"Taijuan Walker","NYM","29","0","0","0","0","0","0.0%","0.0%",".000",".000",".000",".000",".000",".000","","","0.0","0.0","0.0","0.0","0","0","0","0","0","0","0","0",".000","0.00","0.0%","0.0%","0.0%","0.0%","0.0%","0.0%","","","","","","","","","","","","","","","","","11836"
"Chris Martin","- - -","60","0","0","0","0","0","0.0%","0.0%",".000",".000",".000",".000",".000",".000","","","0.0","0.0","0.0","0.0","0","0","0","0","0","0","0","0",".000","0.00","0.0%","0.0%","0.0%","0.0%","0.0%","0.0%","","","","","","","","","","","","","","","","","11847"
"Jason Adam","TBR","67","0","0","0","0","0","0.0%","0.0%",".000",".000",".000",".000",".000",".000","","","0.0","0.0","0.0","0.0","0","0","0","0","0","0","0","0",".000","0.00","0.0%","0.0%","0.0%","0.0%","0.0%","0.0%","","","","","","","","","","","","","","","","","11861"
"Michael Feliz","BOS","1","0","0","0","0","0","0.0%","0.0%",".000",".000",".000",".000",".000",".000","","","0.0","0.0","0.0","0.0","0","0","0","0","0","0","0","0",".000","0.00","0.0%","0.0%","0.0%","0.0%","0.0%","0.0%","","","","","","","","","","","","","","","","","11903"
"Travis Shaw","BOS","7","19","0","0","0","0","0.0%","36.8%",".000",".000",".000",".000",".000",".000",".081","-100","0.1","-4.7","-2.0","-0.6","0","0","0","0","0","7","0","0",".000","0.29","18.2%","18.2%","63.6%","0.0%","0.0%","0.0%","42.1%","74.4%","59.3%","62.5%","81.3%","75.0%","53.1%","14.8%","8.3%","28.4%",".081","79.3","29.0","0.0%","95.3",".110","11982"
"Kyle Hendricks","CHC","16","0","0","0","0","0","0.0%","0.0%",".000",".000",".000",".000",".000",".000","","","0.0","0.0","0.0","0.0","0","0","0","0","0","0","0","0",".000","0.00","0.0%","0.0%","0.0%","0.0%","0.0%","0.0%","","","","","","","","","","","","","","","","","12049"
"Yimi Garcia","TOR","61","0","0","0","0","0","0.0%","0.0%",".000",".000",".000",".000",".000",".000","","","0.0","0.0","0.0","0.0","0","0","0","0","0","0","0","0",".000","0.00","0.0%","0.0%","0.0%","0.0%","0.0%","0.0%","","","","","","","","","","","","","","","","","12095"
"Parker Markel","OAK","3","0","0","0","0","0","0.0%","0.0%",".000",".000",".000",".000",".000",".000","","","0.0","0.0","0.0","0.0","0","0","0","0","0","0","0","0",".000","0.00","0.0%","0.0%","0.0%","0.0%","0.0%","0.0%","","","","","","","","","","","","","","","","","12106"
"Domingo Tapia","OAK","11","0","0","0","0","0","0.0%","0.0%",".000",".000",".000",".000",".000",".000","","","0.0","0.0","0.0","0.0","0","0","0","0","0","0","0","0",".000","0.00","0.0%","0.0%","0.0%","0.0%","0.0%","0.0%","","","","","","","","","","","","","","","","","12178"
"Aaron Brooks","STL","5","0","0","0","0","0","0.0%","0.0%",".000",".000",".000",".000",".000",".000","","","0.0","0.0","0.0","0.0","0","0","0","0","0","0","0","0",".000","0.00","0.0%","0.0%","0.0%","0.0%","0.0%","0.0%","","","","","","","","","","","","","","","","","12272"
"Cory Spangenberg","STL","1","0","0","0","0","0","0.0%","0.0%",".000",".000",".000",".000",".000",".000","","","0.0","0.0","0.0","0.0","0","0","0","0","0","0","0","0",".000","0.00","0.0%","0.0%","0.0%","0.0%","0.0%","0.0%","","","","","","","","","","","","","","","","","12294"
"Chris Bassitt","NYM","30","0","0","0","0","0","0.0%","0.0%",".000",".000",".000",".000",".000",".000","","","0.0","0.0","0.0","0.0","0","0","0","0","0","0","0","0",".000","0.00","0.0%","0.0%","0.0%","0.0%","0.0%","0.0%","","","","","","","","","","","","","","","","","12304"
"Jacob Barnes","- - -","23","0","0","0","0","0","0.0%","0.0%",".000",".000",".000",".000",".000",".000","","","0.0","0.0","0.0","0.0","0","0","0","0","0","0","0","0",".000","0.00","0.0%","0.0%","0.0%","0.0%","0.0%","0.0%","","","","","","","","","","","","","","","","","12323"
"Spencer Patton","TEX","7","0","0","0","0","0","0.0%","0.0%",".000",".000",".000",".000",".000",".000","","","0.0","0.0","0.0","0.0","0","0","0","0","0","0","0","0",".000","0.00","0.0%","0.0%","0.0%","0.0%","0.0%","0.0%","","","","","","","","","","","","","","","","","12361"
"Seth Lugo","NYM","62","0","0","0","0","0","0.0%","0.0%",".000",".000",".000",".000",".000",".000","","","0.0","0.0","0.0","0.0","0","0","0","0","0","0","0","0",".000","0.00","0.0%","0.0%","0.0%","0.0%","0.0%","0.0%","","","","","","","","","","","","","","","","","12447"
"Blake Treinen","LAD","5","0","0","0","0","0","0.0%","0.0%",".000",".000",".000",".000",".000",".000","","","0.0","0.0","0.0","0.0","0","0","0","0","0","0","0","0",".000","0.00","0.0%","0.0%","0.0%","0.0%","0.0%","0.0%","","","","","","","","","","","","","","","","","12572"
"Jerad Eickhoff","PIT","1","0","0","0","0","0","0.0%","0.0%",".000",".000",".000",".000",".000",".000","","","0.0","0.0","0.0","0.0","0","0","0","0","0","0","0","0",".000","0.00","0.0%","0.0%","0.0%","0.0%","0.0%","0.0%","","","","","","","","","","","","","","","","","12664"
"Roenis Elias","SEA","7","0","0","0","0","0","0.0%","0.0%",".000",".000",".000",".000",".000",".000","","","0.0","0.0","0.0","0.0","0","0","0","0","0","0","0","0",".000","0.00","0.0%","0.0%","0.0%","0.0%","0.0%","0.0%","","","","","","","","","","","","","","","","","12673"
"Adrian Houser","MIL","22","0","0","0","0","0","0.0%","0.0%",".000",".000",".000",".000",".000",".000","","","0.0","0.0","0.0","0.0","0","0","0","0","0","0","0","0",".000","0.00","0.0%","0.0%","0.0%","0.0%","0.0%","0.0%","","","","","","","","","","","","","","","","","12718"
"Nick Martinez","SDP","47","0","0","0","0","0","0.0%","0.0%",".000",".000",".000",".000",".000",".000","","","0.0","0.0","0.0","0.0","0","0","0","0","0","0","0","0",".000","0.00","0.0%","0.0%","0.0%","0.0%","0.0%","0.0%","","","","","","","","","","","","","","","","","12730"
"Rafael Montero","HOU","71","0","0","0","0","0","0.0%","0.0%",".000",".000",".000",".000",".000",".000","","","0.0","0.0","0.0","0.0","0","0","0","0","0","0","0","0",".000","0.00","0.0%","0.0%","0.0%","0.0%","0.0%","0.0%","","","","","","","","","","","","","","","","","12760"
"Chris Devenski","- - -","13","0","0","0","0","0","0.0%","0.0%",".000",".000",".000",".000",".000",".000","","","0.0","0.0","0.0","0.0","0","0","0","0","0","0","0","0",".000","0.00","0.0%","0.0%","0.0%","0.0%","0.0%","0.0%","","","","","","","","","","","","","","","","","12763"
"Sonny Gray","MIN","24","0","0","0","0","0","0.0%","0.0%",".000",".000",".000",".000",".000",".000","","","0.0","0.0","0.0","0.0","0","0","0","0","0","0","0","0",".000","0.00","0.0%","0.0%","0.0%","0.0%","0.0%","0.0%","","","","","","","","","","","","","","","","","12768"
"John Brebbia","SFG","76","0","0","0","0","0","0.0%","0.0%",".000",".000",".000",".000",".000",".000","","","0.0","0.0","0.0","0.0","0","0","0","0","0","0","0","0",".000","0.00","0.0%","0.0%","0.0%","0.0%","0.0%","0.0%","","","","","","","","","","","","","","","","","12777"
"Michael Kelly","PHI","4","0","0","0","0","0","0.0%","0.0%",".000",".000",".000",".000",".000",".000","","","0.0","0.0","0.0","0.0","0","0","0","0","0","0","0","0",".000","0.00","0.0%","0.0%","0.0%","0.0%","0.0%","0.0%","","","","","","","","","","","","","","","","","12791"
"Noe Ramirez","ARI","55","0","0","0","0","0","0.0%","0.0%",".000",".000",".000",".000",".000",".000","","","0.0","0.0","0.0","0.0","0","0","0","0","0","0","0","0",".000","0.00","0.0%","0.0%","0.0%","0.0%","0.0%","0.0%","","","","","","","","","","","","","","","","","12800"
"Matt Wisler","TBR","39","0","0","0","0","0","0.0%","0.0%",".000",".000",".000",".000",".000",".000","","","0.0","0.0","0.0","0.0","0","0","0","0","0","0","0","0",".000","0.00","0.0%","0.0%","0.0%","0.0%","0.0%","0.0%","","","","","","","","","","","","","","","","","12804"
"Mike Clevinger","SDP","23","0","0","0","0","0","0.0%","0.0%",".000",".000",".000",".000",".000",".000","","","0.0","0.0","0.0","0.0","0","0","0","0","0","0","0","0",".000","0.00","0.0%","0.0%","0.0%","0.0%","0.0%","0.0%","","","","","","","","","","","","","","","","","12808"
"Andrew Kittredge","TBR","17","0","0","0","0","0","0.0%","0.0%",".000",".000",".000",".000",".000",".000","","","0.0","0.0","0.0","0.0","0","0","0","0","0","0","0","0",".000","0.00","0.0%","0.0%","0.0%","0.0%","0.0%","0.0%","","","","","","","","","","","","","","","","","12828"
"Shawn Armstrong","- - -","50","0","0","0","0","0","0.0%","0.0%",".000",".000",".000",".000",".000",".000","","","0.0","0.0","0.0","0.0","0","0","0","0","0","0","0","0",".000","0.00","0.0%","0.0%","0.0%","0.0%","0.0%","0.0%","","","","","","","","","","","","","","","","","12857"
"Matt Barnes","BOS","44","0","0","0","0","0","0.0%","0.0%",".000",".000",".000",".000",".000",".000","","","0.0","0.0","0.0","0.0","0","0","0","0","0","0","0","0",".000","0.00","0.0%","0.0%","0.0%","0.0%","0.0%","0.0%","","","","","","","","","","","","","","","","","12863"
"Tyler Anderson","LAD","31","1","0","0","0","0","0.0%","100.0%",".000",".000",".000",".000",".000",".000",".000","-100","0.0","-0.2","0.1","0.0","0","0","0","0","0","1","0","0",".000","0.00","0.0%","0.0%","0.0%","0.0%","0.0%","0.0%","50.0%","100.0%","60.0%","50.0%","0.0%","33.3%","20.0%","40.0%","","60.0%","","","","","","","12880"
"Alex Claudio","NYM","3","0","0","0","0","0","0.0%","0.0%",".000",".000",".000",".000",".000",".000","","","0.0","0.0","0.0","0.0","0","0","0","0","0","0","0","0",".000","0.00","0.0%","0.0%","0.0%","0.0%","0.0%","0.0%","","","","","","","","","","","","","","","","","12890"
"Ken Giles","SEA","5","0","0","0","0","0","0.0%","0.0%",".000",".000",".000",".000",".000",".000","","","0.0","0.0","0.0","0.0","0","0","0","0","0","0","0","0",".000","0.00","0.0%","0.0%","0.0%","0.0%","0.0%","0.0%","","","","","","","","","","","","","","","","","12910"
"Dylan Bundy","MIN","29","0","0","0","0","0","0.0%","0.0%",".000",".000",".000",".000",".000",".000","","","0.0","0.0","0.0","0.0","0","0","0","0","0","0","0","0",".000","0.00","0.0%","0.0%","0.0%","0.0%","0.0%","0.0%","","","","","","","","","","","","","","","","","12917"
"Archie Bradley","LAA","21","0","0","0","0","0","0.0%","0.0%",".000",".000",".000",".000",".000",".000","","","0.0","0.0","0.0","0.0","0","0","0","0","0","0","0","0",".000","0.00","0.0%","0.0%","0.0%","0.0%","0.0%","0.0%","","","","","","","","","","","","","","","","","12918"
"Joe Musgrove","SDP","30","0","0","0","0","0","0.0%","0.0%",".000",".000",".000",".000",".000",".000","","","0.0","0.0","0.0","0.0","0","0","0","0","0","0","0","0",".000","0.00","0.0%","0.0%","0.0%","0.0%","0.0%","0.0%","","","","","","","","","","","","","","","","","12970"
"Andrew Chafin","DET","64","0","0","0","0","0","0.0%","0.0%",".000",".000",".000",".000",".000",".000","","","0.0","0.0","0.0","0.0","0","0","0","0","0","0","0","0",".000","0.00","0.0%","0.0%","0.0%","0.0%","0.0%","0.0%","","","","","","","","","","","","","","","","","12988"
"Anthony DeSclafani","SFG","5","0","0","0","0","0","0.0%","0.0%",".000",".000",".000",".000",".000",".000","","","0.0","0.0","0.0","0.0","0","0","0","0","0","0","0","0",".000","0.00","0.0%","0.0%","0.0%","0.0%","0.0%","0.0%","","","","","","","","","","","","","","","","","13050"
"Yu Darvish","SDP","30","0","0","0","0","0","0.0%","0.0%",".000",".000",".000",".000",".000",".000","","","0.0","0.0","0.0","0.0","0","0","0","0","0","0","0","0",".000","0.00","0.0%","0.0%","0.0%","0.0%","0.0%","0.0%","","","","","","","","","","","","","","","","","13074"
"Gerrit Cole","NYY","33","0","0","0","0","0","0.0%","0.0%",".000",".000",".000",".000",".000",".000","","","0.0","0.0","0.0","0.0","0","0","0","0","0","0","0","0",".000","0.00","0.0%","0.0%","0.0%","0.0%","0.0%","0.0%","","","","","","","","","","","","","","","","","13125"
"Derek Law","- - -","17","0","0","0","0","0","0.0%","0.0%",".000",".000",".000",".000",".000",".000","","","0.0","0.0","0.0","0.0","0","0","0","0","0","0","0","0",".000","0.00","0.0%","0.0%","0.0%","0.0%","0.0%","0.0%","","","","","","","","","","","","","","","","","13133"
"Eduardo Rodriguez","DET","17","0","0","0","0","0","0.0%","0.0%",".000",".000",".000",".000",".000",".000","","","0.0","0.0","0.0","0.0","0","0","0","0","0","0","0","0",".000","0.00","0.0%","0.0%","0.0%","0.0%","0.0%","0.0%","","","","","","","","","","","","","","","","","13164"
"Kyle Crick","CHW","14","0","0","0","0","0","0.0%","0.0%",".000",".000",".000",".000",".000",".000","","","0.0","0.0","0.0","0.0","0","0","0","0","0","0","0","0",".000","0.00","0.0%","0.0%","0.0%","0.0%","0.0%","0.0%","","","","","","","","","","","","","","","","","13182"
"Zach Davies","ARI","27","0","0","0","0","0","0.0%","0.0%",".000",".000",".000",".000",".000",".000","","","0.0","0.0","0.0","0.0","0","0","0","0","0","0","0","0",".000","0.00","0.0%","0.0%","0.0%","0.0%","0.0%","0.0%","","","","","","","","","","","","","","","","","13183"
"Jordan Weems","WSN","32","0","0","0","0","0","0.0%","0.0%",".000",".000",".000",".000",".000",".000","","","0.0","0.0","0.0","0.0","0","0","0","0","0","0","0","0",".000","0.00","0.0%","0.0%","0.0%","0.0%","0.0%","0.0%","","","","","","","","","","","","","","","","","13190"
"Michael Fulmer","- - -","67","0","0","0","0","0","0.0%","0.0%",".000",".000",".000",".000",".000",".000","","","0.0","0.0","0.0","0.0","0","0","0","0","0","0","0","0",".000","0.00","0.0%","0.0%","0.0%","0.0%","0.0%","0.0%","","","","","","","","","","","","","","","","","13218"
"Louis Head","- - -","28","0","0","0","0","0","0.0%","0.0%",".000",".000",".000",".000",".000",".000","","","0.0","0.0","0.0","0.0","0","0","0","0","0","0","0","0",".000","0.00","0.0%","0.0%","0.0%","0.0%","0.0%","0.0%","","","","","","","","","","","","","","","","","13259"
"Ross Stripling","TOR","32","0","0","0","0","0","0.0%","0.0%",".000",".000",".000",".000",".000",".000","","","0.0","0.0","0.0","0.0","0","0","0","0","0","0","0","0",".000","0.00","0.0%","0.0%","0.0%","0.0%","0.0%","0.0%","","","","","","","","","","","","","","","","","13273"
"Danny Coulombe","MIN","10","0","0","0","0","0","0.0%","0.0%",".000",".000",".000",".000",".000",".000","","","0.0","0.0","0.0","0.0","0","0","0","0","0","0","0","0",".000","0.00","0.0%","0.0%","0.0%","0.0%","0.0%","0.0%","","","","","","","","","","","","","","","","","13293"
"Deven Marrero","NYM","5","6","0","0","0","1","0.0%","50.0%",".000",".000",".000",".000",".000",".000",".092","-100","0.2","-1.2","0.3","-0.1","0","0","0","0","0","3","0","0",".000","2.00","0.0%","66.7%","33.3%","0.0%","0.0%","0.0%","16.7%","50.0%","33.3%","50.0%","66.7%","62.5%","50.0%","12.5%","0.0%","45.8%",".094","70.2","-6.8","0.0%","83.5",".119","13325"
"Adrian Sampson","CHC","21","0","0","0","0","0","0.0%","0.0%",".000",".000",".000",".000",".000",".000","","","0.0","0.0","0.0","0.0","0","0","0","0","0","0","0","0",".000","0.00","0.0%","0.0%","0.0%","0.0%","0.0%","0.0%","","","","","","","","","","","","","","","","","13339"
"Luis Cessa","CIN","46","0","0","0","0","0","0.0%","0.0%",".000",".000",".000",".000",".000",".000","","","0.0","0.0","0.0","0.0","0","0","0","0","0","0","0","0",".000","0.00","0.0%","0.0%","0.0%","0.0%","0.0%","0.0%","","","","","","","","","","","","","","","","","13345"
"Hoby Milner","MIL","67","0","0","0","0","0","0.0%","0.0%",".000",".000",".000",".000",".000",".000","","","0.0","0.0","0.0","0.0","0","0","0","0","0","0","0","0",".000","0.00","0.0%","0.0%","0.0%","0.0%","0.0%","0.0%","","","","","","","","","","","","","","","","","13346"
"Steven Matz","STL","15","0","0","0","0","0","0.0%","0.0%",".000",".000",".000",".000",".000",".000","","","0.0","0.0","0.0","0.0","0","0","0","0","0","0","0","0",".000","0.00","0.0%","0.0%","0.0%","0.0%","0.0%","0.0%","","","","","","","","","","","","","","","","","13361"
"Dylan Floro","MIA","56","0","0","0","0","0","0.0%","0.0%",".000",".000",".000",".000",".000",".000","","","0.0","0.0","0.0","0.0","0","0","0","0","0","0","0","0",".000","0.00","0.0%","0.0%","0.0%","0.0%","0.0%","0.0%","","","","","","","","","","","","","","","","","13394"
"Sam Selman","OAK","16","0","0","0","0","0","0.0%","0.0%",".000",".000",".000",".000",".000",".000","","","0.0","0.0","0.0","0.0","0","0","0","0","0","0","0","0",".000","0.00","0.0%","0.0%","0.0%","0.0%","0.0%","0.0%","","","","","","","","","","","","","","","","","13397"
"R.J. Alvarez","NYM","1","0","0","0","0","0","0.0%","0.0%",".000",".000",".000",".000",".000",".000","","","0.0","0.0","0.0","0.0","0","0","0","0","0","0","0","0",".000","0.00","0.0%","0.0%","0.0%","0.0%","0.0%","0.0%","","","","","","","","","","","","","","","","","13401"
"Matt Koch","SEA","4","0","0","0","0","0","0.0%","0.0%",".000",".000",".000",".000",".000",".000","","","0.0","0.0","0.0","0.0","0","0","0","0","0","0","0","0",".000","0.00","0.0%","0.0%","0.0%","0.0%","0.0%","0.0%","","","","","","","","","","","","","","","","","13420"
"Drew VerHagen","STL","19","0","0","0","0","0","0.0%","0.0%",".000",".000",".000",".000",".000",".000","","","0.0","0.0","0.0","0.0","0","0","0","0","0","0","0","0",".000","0.00","0.0%","0.0%","0.0%","0.0%","0.0%","0.0%","","","","","","","","","","","","","","","","","13424"
"Marcus Stroman","CHC","25","0","0","0","0","0","0.0%","0.0%",".000",".000",".000",".000",".000",".000","","","0.0","0.0","0.0","0.0","0","0","0","0","0","0","0","0",".000","0.00","0.0%","0.0%","0.0%","0.0%","0.0%","0.0%","","","","","","","","","","","","","","","","","13431"
"Pierce Johnson","SDP","15","0","0","0","0","0","0.0%","0.0%",".000",".000",".000",".000",".000",".000","","","0.0","0.0","0.0","0.0","0","0","0","0","0","0","0","0",".000","0.00","0.0%","0.0%","0.0%","0.0%","0.0%","0.0%","","","","","","","","","","","","","","","","","13435"
"Taylor Rogers","- - -","66","0","0","0","0","0","0.0%","0.0%",".000",".000",".000",".000",".000",".000","","","0.0","0.0","0.0","0.0","0","0","0","0","0","0","0","0",".000","0.00","0.0%","0.0%","0.0%","0.0%","0.0%","0.0%","","","","","","","","","","","","","","","","","13449"
"Lucas Sims","CIN","6","0","0","0","0","0","0.0%","0.0%",".000",".000",".000",".000",".000",".000","","","0.0","0.0","0.0","0.0","0","0","0","0","0","0","0","0",".000","0.00","0.0%","0.0%","0.0%","0.0%","0.0%","0.0%","","","","","","","","","","","","","","","","","13470"
"Daniel Norris","- - -","41","0","0","0","0","0","0.0%","0.0%",".000",".000",".000",".000",".000",".000","","","0.0","0.0","0.0","0.0","0","0","0","0","0","0","0","0",".000","0.00","0.0%","0.0%","0.0%","0.0%","0.0%","0.0%","","","","","","","","","","","","","","","","","13475"
"Connor Sadzeck","MIL","2","0","0","0","0","0","0.0%","0.0%",".000",".000",".000",".000",".000",".000","","","0.0","0.0","0.0","0.0","0","0","0","0","0","0","0","0",".000","0.00","0.0%","0.0%","0.0%","0.0%","0.0%","0.0%","","","","","","","","","","","","","","","","","13483"
"Blake Snell","SDP","25","0","0","0","0","0","0.0%","0.0%",".000",".000",".000",".000",".000",".000","","","0.0","0.0","0.0","0.0","0","0","0","0","0","0","0","0",".000","0.00","0.0%","0.0%","0.0%","0.0%","0.0%","0.0%","","","","","","","","","","","","","","","","","13543"
"Steven Okert","MIA","60","0","0","0","0","0","0.0%","0.0%",".000",".000",".000",".000",".000",".000","","","0.0","0.0","0.0","0.0","0","0","0","0","0","0","0","0",".000","0.00","0.0%","0.0%","0.0%","0.0%","0.0%","0.0%","","","","","","","","","","","","","","","","","13580"
"Robert Stephenson","- - -","58","0","0","0","0","0","0.0%","0.0%",".000",".000",".000",".000",".000",".000","","","0.0","0.0","0.0","0.0","0","0","0","0","0","0","0","0",".000","0.00","0.0%","0.0%","0.0%","0.0%","0.0%","0.0%","","","","","","","","","","","","","","","","","13594"
"Carl Edwards Jr.","WSN","57","0","0","0","0","0","0.0%","0.0%",".000",".000",".000",".000",".000",".000","","","0.0","0.0","0.0","0.0","0","0","0","0","0","0","0","0",".000","0.00","0.0%","0.0%","0.0%","0.0%","0.0%","0.0%","","","","","","","","","","","","","","","","","13607"
"Jakob Junis","SFG","23","0","0","0","0","0","0.0%","0.0%",".000",".000",".000",".000",".000",".000","","","0.0","0.0","0.0","0.0","0","0","0","0","0","0","0","0",".000","0.00","0.0%","0.0%","0.0%","0.0%","0.0%","0.0%","","","","","","","","","","","","","","","","","13619"
"Clay Holmes","NYY","62","0","0","0","0","0","0.0%","0.0%",".000",".000",".000",".000",".000",".000","","","0.0","0.0","0.0","0.0","0","0","0","0","0","0","0","0",".000","0.00","0.0%","0.0%","0.0%","0.0%","0.0%","0.0%","","","","","","","","","","","","","","","","","13649"
"Tayler Scott","SDP","8","0","0","0","0","0","0.0%","0.0%",".000",".000",".000",".000",".000",".000","","","0.0","0.0","0.0","0.0","0","0","0","0","0","0","0","0",".000","0.00","0.0%","0.0%","0.0%","0.0%","0.0%","0.0%","","","","","","","","","","","","","","","","","13652"
"Jharel Cotton","- - -","30","0","0","0","0","0","0.0%","0.0%",".000",".000",".000",".000",".000",".000","","","0.0","0.0","0.0","0.0","0","0","0","0","0","0","0","0",".000","0.00","0.0%","0.0%","0.0%","0.0%","0.0%","0.0%","","","","","","","","","","","","","","","","","13654"
"Robert Gsellman","CHC","8","0","0","0","0","0","0.0%","0.0%",".000",".000",".000",".000",".000",".000","","","0.0","0.0","0.0","0.0","0","0","0","0","0","0","0","0",".000","0.00","0.0%","0.0%","0.0%","0.0%","0.0%","0.0%","","","","","","","","","","","","","","","","","13696"
"Joey Krehbiel","BAL","56","0","0","0","0","0","0.0%","0.0%",".000",".000",".000",".000",".000",".000","","","0.0","0.0","0.0","0.0","0","0","0","0","0","0","0","0",".000","0.00","0.0%","0.0%","0.0%","0.0%","0.0%","0.0%","","","","","","","","","","","","","","","","","13707"
"Kyle Barraclough","LAA","8","0","0","0","0","0","0.0%","0.0%",".000",".000",".000",".000",".000",".000","","","0.0","0.0","0.0","0.0","0","0","0","0","0","0","0","0",".000","0.00","0.0%","0.0%","0.0%","0.0%","0.0%","0.0%","","","","","","","","","","","","","","","","","13713"
"Max Fried","ATL","30","0","0","0","0","0","0.0%","0.0%",".000",".000",".000",".000",".000",".000","","","0.0","0.0","0.0","0.0","0","0","0","0","0","0","0","0",".000","0.00","0.0%","0.0%","0.0%","0.0%","0.0%","0.0%","","","","","","","","","","","","","","","","","13743"
"Tyler Duffey","MIN","40","0","0","0","0","0","0.0%","0.0%",".000",".000",".000",".000",".000",".000","","","0.0","0.0","0.0","0.0","0","0","0","0","0","0","0","0",".000","0.00","0.0%","0.0%","0.0%","0.0%","0.0%","0.0%","","","","","","","","","","","","","","","","","13758"
"Chris Stratton","- - -","60","0","0","0","0","0","0.0%","0.0%",".000",".000",".000",".000",".000",".000","","","0.0","0.0","0.0","0.0","0","0","0","0","0","0","0","0",".000","0.00","0.0%","0.0%","0.0%","0.0%","0.0%","0.0%","","","","","","","","","","","","","","","","","13761"
"Dominic Leone","SFG","55","0","0","0","0","0","0.0%","0.0%",".000",".000",".000",".000",".000",".000","","","0.0","0.0","0.0","0.0","0","0","0","0","0","0","0","0",".000","0.00","0.0%","0.0%","0.0%","0.0%","0.0%","0.0%","","","","","","","","","","","","","","","","","13763"
"JT Chargois","TBR","21","0","0","0","0","0","0.0%","0.0%",".000",".000",".000",".000",".000",".000","","","0.0","0.0","0.0","0.0","0","0","0","0","0","0","0","0",".000","0.00","0.0%","0.0%","0.0%","0.0%","0.0%","0.0%","","","","","","","","","","","","","","","","","13767"
"Zach Eflin","PHI","20","0","0","0","0","0","0.0%","0.0%",".000",".000",".000",".000",".000",".000","","","0.0","0.0","0.0","0.0","0","0","0","0","0","0","0","0",".000","0.00","0.0%","0.0%","0.0%","0.0%","0.0%","0.0%","","","","","","","","","","","","","","","","","13774"
"Alex Wood","SFG","26","0","0","0","0","0","0.0%","0.0%",".000",".000",".000",".000",".000",".000","","","0.0","0.0","0.0","0.0","0","0","0","0","0","0","0","0",".000","0.00","0.0%","0.0%","0.0%","0.0%","0.0%","0.0%","","","","","","","","","","","","","","","","","13781"
"Matt Strahm","BOS","50","0","0","0","0","0","0.0%","0.0%",".000",".000",".000",".000",".000",".000","","","0.0","0.0","0.0","0.0","0","0","0","0","0","0","0","0",".000","0.00","0.0%","0.0%","0.0%","0.0%","0.0%","0.0%","","","","","","","","","","","","","","","","","13799"
"Austin Adams","SDP","2","0","0","0","0","0","0.0%","0.0%",".000",".000",".000",".000",".000",".000","","","0.0","0.0","0.0","0.0","0","0","0","0","0","0","0","0",".000","0.00","0.0%","0.0%","0.0%","0.0%","0.0%","0.0%","","","","","","","","","","","","","","","","","13801"
"Alec Mills","CHC","7","0","0","0","0","0","0.0%","0.0%",".000",".000",".000",".000",".000",".000","","","0.0","0.0","0.0","0.0","0","0","0","0","0","0","0","0",".000","0.00","0.0%","0.0%","0.0%","0.0%","0.0%","0.0%","","","","","","","","","","","","","","","","","13834"
"Paul Sewald","SEA","65","0","0","0","0","0","0.0%","0.0%",".000",".000",".000",".000",".000",".000","","","0.0","0.0","0.0","0.0","0","0","0","0","0","0","0","0",".000","0.00","0.0%","0.0%","0.0%","0.0%","0.0%","0.0%","","","","","","","","","","","","","","","","","13892"
"Chris Flexen","SEA","33","0","0","0","0","0","0.0%","0.0%",".000",".000",".000",".000",".000",".000","","","0.0","0.0","0.0","0.0","0","0","0","0","0","0","0","0",".000","0.00","0.0%","0.0%","0.0%","0.0%","0.0%","0.0%","","","","","","","","","","","","","","","","","13896"
"Brent Suter","MIL","54","0","0","0","0","0","0.0%","0.0%",".000",".000",".000",".000",".000",".000","","","0.0","0.0","0.0","0.0","0","0","0","0","0","0","0","0",".000","0.00","0.0%","0.0%","0.0%","0.0%","0.0%","0.0%","","","","","","","","","","","","","","","","","13942"
"Michael Wacha","BOS","23","0","0","0","0","0","0.0%","0.0%",".000",".000",".000",".000",".000",".000","","","0.0","0.0","0.0","0.0","0","0","0","0","0","0","0","0",".000","0.00","0.0%","0.0%","0.0%","0.0%","0.0%","0.0%","","","","","","","","","","","","","","","","","14078"
"Kevin Gausman","TOR","31","0","0","0","0","0","0.0%","0.0%",".000",".000",".000",".000",".000",".000","","","0.0","0.0","0.0","0.0","0","0","0","0","0","0","0","0",".000","0.00","0.0%","0.0%","0.0%","0.0%","0.0%","0.0%","","","","","","","","","","","","","","","","","14107"
"Lance McCullers Jr.","HOU","8","0","0","0","0","0","0.0%","0.0%",".000",".000",".000",".000",".000",".000","","","0.0","0.0","0.0","0.0","0","0","0","0","0","0","0","0",".000","0.00","0.0%","0.0%","0.0%","0.0%","0.0%","0.0%","","","","","","","","","","","","","","","","","14120"
"Chris Mazza","TBR","2","0","0","0","0","0","0.0%","0.0%",".000",".000",".000",".000",".000",".000","","","0.0","0.0","0.0","0.0","0","0","0","0","0","0","0","0",".000","0.00","0.0%","0.0%","0.0%","0.0%","0.0%","0.0%","","","","","","","","","","","","","","","","","14151"
"Jose Berrios","TOR","32","0","0","0","0","0","0.0%","0.0%",".000",".000",".000",".000",".000",".000","","","0.0","0.0","0.0","0.0","0","0","0","0","0","0","0","0",".000","0.00","0.0%","0.0%","0.0%","0.0%","0.0%","0.0%","","","","","","","","","","","","","","","","","14168"
"Josh Hader","- - -","56","0","0","0","0","0","0.0%","0.0%",".000",".000",".000",".000",".000",".000","","","0.0","0.0","0.0","0.0","0","0","0","0","0","0","0","0",".000","0.00","0.0%","0.0%","0.0%","0.0%","0.0%","0.0%","","","","","","","","","","","","","","","","","14212"
"Luke Bard","- - -","9","0","0","0","0","0","0.0%","0.0%",".000",".000",".000",".000",".000",".000","","","0.0","0.0","0.0","0.0","0","0","0","0","0","0","0","0",".000","0.00","0.0%","0.0%","0.0%","0.0%","0.0%","0.0%","","","","","","","","","","","","","","","","","14288"
"Wandy Peralta","NYY","56","0","0","0","0","0","0.0%","0.0%",".000",".000",".000",".000",".000",".000","","","0.0","0.0","0.0","0.0","0","0","0","0","0","0","0","0",".000","0.00","0.0%","0.0%","0.0%","0.0%","0.0%","0.0%","","","","","","","","","","","","","","","","","14295"
"Frankie Montas","- - -","27","0","0","0","0","0","0.0%","0.0%",".000",".000",".000",".000",".000",".000","","","0.0","0.0","0.0","0.0","0","0","0","0","0","0","0","0",".000","0.00","0.0%","0.0%","0.0%","0.0%","0.0%","0.0%","","","","","","","","","","","","","","","","","14309"
"Wilmer Difo","ARI","3","6","0","0","0","0","0.0%","16.7%",".000",".000",".000",".000",".000",".000",".181","-100","0.0","-1.5","-0.2","-0.2","0","0","0","0","0","1","0","0",".000","4.00","20.0%","80.0%","0.0%","0.0%","0.0%","0.0%","26.7%","70.0%","44.0%","100.0%","100.0%","100.0%","40.0%","0.0%","40.0%","16.0%",".195","79.3","-6.0","0.0%","103.9",".212","14320"
"Joel Payamps","- - -","41","0","0","0","0","0","0.0%","0.0%",".000",".000",".000",".000",".000",".000","","","0.0","0.0","0.0","0.0","0","0","0","0","0","0","0","0",".000","0.00","0.0%","0.0%","0.0%","0.0%","0.0%","0.0%","","","","","","","","","","","","","","","","","14332"
"Ty Blach","COL","24","0","0","0","0","0","0.0%","0.0%",".000",".000",".000",".000",".000",".000","","","0.0","0.0","0.0","0.0","0","0","0","0","0","0","0","0",".000","0.00","0.0%","0.0%","0.0%","0.0%","0.0%","0.0%","","","","","","","","","","","","","","","","","14361"
"Tyler Glasnow","TBR","2","0","0","0","0","0","0.0%","0.0%",".000",".000",".000",".000",".000",".000","","","0.0","0.0","0.0","0.0","0","0","0","0","0","0","0","0",".000","0.00","0.0%","0.0%","0.0%","0.0%","0.0%","0.0%","","","","","","","","","","","","","","","","","14374"
"Amir Garrett","KCR","60","0","0","0","0","0","0.0%","0.0%",".000",".000",".000",".000",".000",".000","","","0.0","0.0","0.0","0.0","0","0","0","0","0","0","0","0",".000","0.00","0.0%","0.0%","0.0%","0.0%","0.0%","0.0%","","","","","","","","","","","","","","","","","14375"
"Ronald Guzman","NYY","3","6","0","0","0","0","0.0%","83.3%",".000",".000",".000",".000",".000",".000",".007","-100","-0.4","-1.9","0.3","-0.1","0","0","0","0","0","5","0","0",".000","1.00","0.0%","100.0%","0.0%","0.0%","0.0%","0.0%","31.6%","70.0%","44.8%","33.3%","57.1%","46.2%","34.5%","24.1%","0.0%","44.8%",".008","87.4","-30.3","0.0%","87.4",".008","14388"
"Yunior Marte","SFG","39","0","0","0","0","0","0.0%","0.0%",".000",".000",".000",".000",".000",".000","","","0.0","0.0","0.0","0.0","0","0","0","0","0","0","0","0",".000","0.00","0.0%","0.0%","0.0%","0.0%","0.0%","0.0%","","","","","","","","","","","","","","","","","14416"
"Jackson Stephens","ATL","39","0","0","0","0","0","0.0%","0.0%",".000",".000",".000",".000",".000",".000","","","0.0","0.0","0.0","0.0","0","0","0","0","0","0","0","0",".000","0.00","0.0%","0.0%","0.0%","0.0%","0.0%","0.0%","","","","","","","","","","","","","","","","","14420"
"Hyun-Jin Ryu","TOR","6","0","0","0","0","0","0.0%","0.0%",".000",".000",".000",".000",".000",".000","","","0.0","0.0","0.0","0.0","0","0","0","0","0","0","0","0",".000","0.00","0.0%","0.0%","0.0%","0.0%","0.0%","0.0%","","","","","","","","","","","","","","","","","14444"
"J.B. Wendelken","ARI","29","0","0","0","0","0","0.0%","0.0%",".000",".000",".000",".000",".000",".000","","","0.0","0.0","0.0","0.0","0","0","0","0","0","0","0","0",".000","0.00","0.0%","0.0%","0.0%","0.0%","0.0%","0.0%","","","","","","","","","","","","","","","","","14506"
"Dereck Rodriguez","MIN","2","0","0","0","0","0","0.0%","0.0%",".000",".000",".000",".000",".000",".000","","","0.0","0.0","0.0","0.0","0","0","0","0","0","0","0","0",".000","0.00","0.0%","0.0%","0.0%","0.0%","0.0%","0.0%","","","","","","","","","","","","","","","","","14509"
"Jose Leclerc","TEX","39","0","0","0","0","0","0.0%","0.0%",".000",".000",".000",".000",".000",".000","","","0.0","0.0","0.0","0.0","0","0","0","0","0","0","0","0",".000","0.00","0.0%","0.0%","0.0%","0.0%","0.0%","0.0%","","","","","","","","","","","","","","","","","14524"
"Jorge Lopez","- - -","67","0","0","0","0","0","0.0%","0.0%",".000",".000",".000",".000",".000",".000","","","0.0","0.0","0.0","0.0","0","0","0","0","0","0","0","0",".000","0.00","0.0%","0.0%","0.0%","0.0%","0.0%","0.0%","","","","","","","","","","","","","","","","","14527"
"Carlos Estevez","COL","62","0","0","0","0","0","0.0%","0.0%",".000",".000",".000",".000",".000",".000","","","0.0","0.0","0.0","0.0","0","0","0","0","0","0","0","0",".000","0.00","0.0%","0.0%","0.0%","0.0%","0.0%","0.0%","","","","","","","","","","","","","","","","","14542"
"Jose Ruiz","CHW","63","0","0","0","0","0","0.0%","0.0%",".000",".000",".000",".000",".000",".000","","","0.0","0.0","0.0","0.0","0","0","0","0","0","0","0","0",".000","0.00","0.0%","0.0%","0.0%","0.0%","0.0%","0.0%","","","","","","","","","","","","","","","","","14552"
"Rowan Wick","CHC","64","0","0","0","0","0","0.0%","0.0%",".000",".000",".000",".000",".000",".000","","","0.0","0.0","0.0","0.0","0","0","0","0","0","0","0","0",".000","0.00","0.0%","0.0%","0.0%","0.0%","0.0%","0.0%","","","","","","","","","","","","","","","","","14646"
"Chi Chi Gonzalez","- - -","7","0","0","0","0","0","0.0%","0.0%",".000",".000",".000",".000",".000",".000","","","0.0","0.0","0.0","0.0","0","0","0","0","0","0","0","0",".000","0.00","0.0%","0.0%","0.0%","0.0%","0.0%","0.0%","","","","","","","","","","","","","","","","","14663"
"Jandel Gustave","MIL","27","0","0","0","0","0","0.0%","0.0%",".000",".000",".000",".000",".000",".000","","","0.0","0.0","0.0","0.0","0","0","0","0","0","0","0","0",".000","0.00","0.0%","0.0%","0.0%","0.0%","0.0%","0.0%","","","","","","","","","","","","","","","","","14665"
"Duane Underwood Jr.","PIT","51","0","0","0","0","0","0.0%","0.0%",".000",".000",".000",".000",".000",".000","","","0.0","0.0","0.0","0.0","0","0","0","0","0","0","0","0",".000","0.00","0.0%","0.0%","0.0%","0.0%","0.0%","0.0%","","","","","","","","","","","","","","","","","14677"
"Andres Machado","WSN","51","0","0","0","0","0","0.0%","0.0%",".000",".000",".000",".000",".000",".000","","","0.0","0.0","0.0","0.0","0","0","0","0","0","0","0","0",".000","0.00","0.0%","0.0%","0.0%","0.0%","0.0%","0.0%","","","","","","","","","","","","","","","","","14681"
"Luis Perdomo","MIL","14","0","0","0","0","0","0.0%","0.0%",".000",".000",".000",".000",".000",".000","","","0.0","0.0","0.0","0.0","0","0","0","0","0","0","0","0",".000","0.00","0.0%","0.0%","0.0%","0.0%","0.0%","0.0%","","","","","","","","","","","","","","","","","14682"
"Anthony Banda","- - -","32","0","0","0","0","0","0.0%","0.0%",".000",".000",".000",".000",".000",".000","","","0.0","0.0","0.0","0.0","0","0","0","0","0","0","0","0",".000","0.00","0.0%","0.0%","0.0%","0.0%","0.0%","0.0%","","","","","","","","","","","","","","","","","14706"
"Edwin Diaz","NYM","61","0","0","0","0","0","0.0%","0.0%",".000",".000",".000",".000",".000",".000","","","0.0","0.0","0.0","0.0","0","0","0","0","0","0","0","0",".000","0.00","0.0%","0.0%","0.0%","0.0%","0.0%","0.0%","","","","","","","","","","","","","","","","","14710"
"Paul Blackburn","OAK","21","0","0","0","0","0","0.0%","0.0%",".000",".000",".000",".000",".000",".000","","","0.0","0.0","0.0","0.0","0","0","0","0","0","0","0","0",".000","0.00","0.0%","0.0%","0.0%","0.0%","0.0%","0.0%","","","","","","","","","","","","","","","","","14739"
"Julio Urias","LAD","31","0","0","0","0","0","0.0%","0.0%",".000",".000",".000",".000",".000",".000","","","0.0","0.0","0.0","0.0","0","0","0","0","0","0","0","0",".000","0.00","0.0%","0.0%","0.0%","0.0%","0.0%","0.0%","","","","","","","","","","","","","","","","","14765"
"Emilio Pagan","MIN","59","0","0","0","0","0","0.0%","0.0%",".000",".000",".000",".000",".000",".000","","","0.0","0.0","0.0","0.0","0","0","0","0","0","0","0","0",".000","0.00","0.0%","0.0%","0.0%","0.0%","0.0%","0.0%","","","","","","","","","","","","","","","","","14771"
"Buck Farmer","CIN","44","0","0","0","0","0","0.0%","0.0%",".000",".000",".000",".000",".000",".000","","","0.0","0.0","0.0","0.0","0","0","0","0","0","0","0","0",".000","0.00","0.0%","0.0%","0.0%","0.0%","0.0%","0.0%","","","","","","","","","","","","","","","","","14814"
"Mark Appel","PHI","6","0","0","0","0","0","0.0%","0.0%",".000",".000",".000",".000",".000",".000","","","0.0","0.0","0.0","0.0","0","0","0","0","0","0","0","0",".000","0.00","0.0%","0.0%","0.0%","0.0%","0.0%","0.0%","","","","","","","","","","","","","","","","","14823"
"Michael Lorenzen","LAA","18","0","0","0","0","0","0.0%","0.0%",".000",".000",".000",".000",".000",".000","","","0.0","0.0","0.0","0.0","0","0","0","0","0","0","0","0",".000","0.00","0.0%","0.0%","0.0%","0.0%","0.0%","0.0%","","","","","","","","","","","","","","","","","14843"
"Matt Dermody","CHC","1","0","0","0","0","0","0.0%","0.0%",".000",".000",".000",".000",".000",".000","","","0.0","0.0","0.0","0.0","0","0","0","0","0","0","0","0",".000","0.00","0.0%","0.0%","0.0%","0.0%","0.0%","0.0%","","","","","","","","","","","","","","","","","14844"
"Joe Mantiply","ARI","69","0","0","0","0","0","0.0%","0.0%",".000",".000",".000",".000",".000",".000","","","0.0","0.0","0.0","0.0","0","0","0","0","0","0","0","0",".000","0.00","0.0%","0.0%","0.0%","0.0%","0.0%","0.0%","","","","","","","","","","","","","","","","","14857"
"Sam Moll","OAK","53","0","0","0","0","0","0.0%","0.0%",".000",".000",".000",".000",".000",".000","","","0.0","0.0","0.0","0.0","0","0","0","0","0","0","0","0",".000","0.00","0.0%","0.0%","0.0%","0.0%","0.0%","0.0%","","","","","","","","","","","","","","","","","14874"
"Caleb Smith","ARI","44","0","0","0","0","0","0.0%","0.0%",".000",".000",".000",".000",".000",".000","","","0.0","0.0","0.0","0.0","0","0","0","0","0","0","0","0",".000","0.00","0.0%","0.0%","0.0%","0.0%","0.0%","0.0%","","","","","","","","","","","","","","","","","14875"
"Jon Gray","TEX","24","0","0","0","0","0","0.0%","0.0%",".000",".000",".000",".000",".000",".000","","","0.0","0.0","0.0","0.0","0","0","0","0","0","0","0","0",".000","0.00","0.0%","0.0%","0.0%","0.0%","0.0%","0.0%","","","","","","","","","","","","","","","","","14916"
"Reyes Moronta","- - -","39","0","0","0","0","0","0.0%","0.0%",".000",".000",".000",".000",".000",".000","","","0.0","0.0","0.0","0.0","0","0","0","0","0","0","0","0",".000","0.00","0.0%","0.0%","0.0%","0.0%","0.0%","0.0%","","","","","","","","","","","","","","","","","14966"
"Chad Kuhl","COL","27","0","0","0","0","0","0.0%","0.0%",".000",".000",".000",".000",".000",".000","","","0.0","0.0","0.0","0.0","0","0","0","0","0","0","0","0",".000","0.00","0.0%","0.0%","0.0%","0.0%","0.0%","0.0%","","","","","","","","","","","","","","","","","14975"
"Giovanny Gallegos","STL","57","0","0","0","0","0","0.0%","0.0%",".000",".000",".000",".000",".000",".000","","","0.0","0.0","0.0","0.0","0","0","0","0","0","0","0","0",".000","0.00","0.0%","0.0%","0.0%","0.0%","0.0%","0.0%","","","","","","","","","","","","","","","","","14986"
"Scott Barlow","KCR","69","0","0","0","0","0","0.0%","0.0%",".000",".000",".000",".000",".000",".000","","","0.0","0.0","0.0","0.0","0","0","0","0","0","0","0","0",".000","0.00","0.0%","0.0%","0.0%","0.0%","0.0%","0.0%","","","","","","","","","","","","","","","","","14993"
"Kyle Finnegan","WSN","66","0","0","0","0","0","0.0%","0.0%",".000",".000",".000",".000",".000",".000","","","0.0","0.0","0.0","0.0","0","0","0","0","0","0","0","0",".000","0.00","0.0%","0.0%","0.0%","0.0%","0.0%","0.0%","","","","","","","","","","","","","","","","","15009"
"Corey Knebel","PHI","46","0","0","0","0","0","0.0%","0.0%",".000",".000",".000",".000",".000",".000","","","0.0","0.0","0.0","0.0","0","0","0","0","0","0","0","0",".000","0.00","0.0%","0.0%","0.0%","0.0%","0.0%","0.0%","","","","","","","","","","","","","","","","","15010"
"Chase De Jong","PIT","42","0","0","0","0","0","0.0%","0.0%",".000",".000",".000",".000",".000",".000","","","0.0","0.0","0.0","0.0","0","0","0","0","0","0","0","0",".000","0.00","0.0%","0.0%","0.0%","0.0%","0.0%","0.0%","","","","","","","","","","","","","","","","","15036"
"German Marquez","COL","31","0","0","0","0","0","0.0%","0.0%",".000",".000",".000",".000",".000",".000","","","0.0","0.0","0.0","0.0","0","0","0","0","0","0","0","0",".000","0.00","0.0%","0.0%","0.0%","0.0%","0.0%","0.0%","","","","","","","","","","","","","","","","","15038"
"Tim Mayza","TOR","63","0","0","0","0","0","0.0%","0.0%",".000",".000",".000",".000",".000",".000","","","0.0","0.0","0.0","0.0","0","0","0","0","0","0","0","0",".000","0.00","0.0%","0.0%","0.0%","0.0%","0.0%","0.0%","","","","","","","","","","","","","","","","","15042"
"Lou Trivino","- - -","64","0","0","0","0","0","0.0%","0.0%",".000",".000",".000",".000",".000",".000","","","0.0","0.0","0.0","0.0","0","0","0","0","0","0","0","0",".000","0.00","0.0%","0.0%","0.0%","0.0%","0.0%","0.0%","","","","","","","","","","","","","","","","","15043"
"Trevor Gott","MIL","45","0","0","0","0","0","0.0%","0.0%",".000",".000",".000",".000",".000",".000","","","0.0","0.0","0.0","0.0","0","0","0","0","0","0","0","0",".000","0.00","0.0%","0.0%","0.0%","0.0%","0.0%","0.0%","","","","","","","","","","","","","","","","","15046"
"Austin Voth","- - -","41","0","0","0","0","0","0.0%","0.0%",".000",".000",".000",".000",".000",".000","","","0.0","0.0","0.0","0.0","0","0","0","0","0","0","0","0",".000","0.00","0.0%","0.0%","0.0%","0.0%","0.0%","0.0%","","","","","","","","","","","","","","","","","15047"
"Silvino Bracho","ATL","3","0","0","0","0","0","0.0%","0.0%",".000",".000",".000",".000",".000",".000","","","0.0","0.0","0.0","0.0","0","0","0","0","0","0","0","0",".000","0.00","0.0%","0.0%","0.0%","0.0%","0.0%","0.0%","","","","","","","","","","","","","","","","","15051"
"Yency Almonte","LAD","33","0","0","0","0","0","0.0%","0.0%",".000",".000",".000",".000",".000",".000","","","0.0","0.0","0.0","0.0","0","0","0","0","0","0","0","0",".000","0.00","0.0%","0.0%","0.0%","0.0%","0.0%","0.0%","","","","","","","","","","","","","","","","","15068"
"Rob Zastryzny","- - -","6","0","0","0","0","0","0.0%","0.0%",".000",".000",".000",".000",".000",".000","","","0.0","0.0","0.0","0.0","0","0","0","0","0","0","0","0",".000","0.00","0.0%","0.0%","0.0%","0.0%","0.0%","0.0%","","","","","","","","","","","","","","","","","15094"
"Luke Farrell","- - -","6","0","0","0","0","0","0.0%","0.0%",".000",".000",".000",".000",".000",".000","","","0.0","0.0","0.0","0.0","0","0","0","0","0","0","0","0",".000","0.00","0.0%","0.0%","0.0%","0.0%","0.0%","0.0%","","","","","","","","","","","","","","","","","15101"
"Collin Wiles","OAK","4","0","0","0","0","0","0.0%","0.0%",".000",".000",".000",".000",".000",".000","","","0.0","0.0","0.0","0.0","0","0","0","0","0","0","0","0",".000","0.00","0.0%","0.0%","0.0%","0.0%","0.0%","0.0%","","","","","","","","","","","","","","","","","15106"
"Tyler Danish","BOS","32","0","0","0","0","0","0.0%","0.0%",".000",".000",".000",".000",".000",".000","","","0.0","0.0","0.0","0.0","0","0","0","0","0","0","0","0",".000","0.00","0.0%","0.0%","0.0%","0.0%","0.0%","0.0%","","","","","","","","","","","","","","","","","15126"
"Ashton Goudeau","COL","12","0","0","0","0","0","0.0%","0.0%",".000",".000",".000",".000",".000",".000","","","0.0","0.0","0.0","0.0","0","0","0","0","0","0","0","0",".000","0.00","0.0%","0.0%","0.0%","0.0%","0.0%","0.0%","","","","","","","","","","","","","","","","","15139"
"Justin Topa","MIL","7","0","0","0","0","0","0.0%","0.0%",".000",".000",".000",".000",".000",".000","","","0.0","0.0","0.0","0.0","0","0","0","0","0","0","0","0",".000","0.00","0.0%","0.0%","0.0%","0.0%","0.0%","0.0%","","","","","","","","","","","","","","","","","15145"
"Jimmy Yacabonis","- - -","14","0","0","0","0","0","0.0%","0.0%",".000",".000",".000",".000",".000",".000","","","0.0","0.0","0.0","0.0","0","0","0","0","0","0","0","0",".000","0.00","0.0%","0.0%","0.0%","0.0%","0.0%","0.0%","","","","","","","","","","","","","","","","","15157"
"Cole Sulser","MIA","39","0","0","0","0","0","0.0%","0.0%",".000",".000",".000",".000",".000",".000","","","0.0","0.0","0.0","0.0","0","0","0","0","0","0","0","0",".000","0.00","0.0%","0.0%","0.0%","0.0%","0.0%","0.0%","","","","","","","","","","","","","","","","","15256"
"Keynan Middleton","ARI","18","0","0","0","0","0","0.0%","0.0%",".000",".000",".000",".000",".000",".000","","","0.0","0.0","0.0","0.0","0","0","0","0","0","0","0","0",".000","0.00","0.0%","0.0%","0.0%","0.0%","0.0%","0.0%","","","","","","","","","","","","","","","","","15264"
"Adam Cimber","TOR","77","0","0","0","0","0","0.0%","0.0%",".000",".000",".000",".000",".000",".000","","","0.0","0.0","0.0","0.0","0","0","0","0","0","0","0","0",".000","0.00","0.0%","0.0%","0.0%","0.0%","0.0%","0.0%","","","","","","","","","","","","","","","","","15288"
"Austin Pruitt","OAK","39","0","0","0","0","0","0.0%","0.0%",".000",".000",".000",".000",".000",".000","","","0.0","0.0","0.0","0.0","0","0","0","0","0","0","0","0",".000","0.00","0.0%","0.0%","0.0%","0.0%","0.0%","0.0%","","","","","","","","","","","","","","","","","15290"
"Steven Brault","CHC","9","0","0","0","0","0","0.0%","0.0%",".000",".000",".000",".000",".000",".000","","","0.0","0.0","0.0","0.0","0","0","0","0","0","0","0","0",".000","0.00","0.0%","0.0%","0.0%","0.0%","0.0%","0.0%","","","","","","","","","","","","","","","","","15291"
"Kevin Herget","TBR","3","0","0","0","0","0","0.0%","0.0%",".000",".000",".000",".000",".000",".000","","","0.0","0.0","0.0","0.0","0","0","0","0","0","0","0","0",".000","0.00","0.0%","0.0%","0.0%","0.0%","0.0%","0.0%","","","","","","","","","","","","","","","","","15369"
"Andrew Heaney","LAD","16","0","0","0","0","0","0.0%","0.0%",".000",".000",".000",".000",".000",".000","","","0.0","0.0","0.0","0.0","0","0","0","0","0","0","0","0",".000","0.00","0.0%","0.0%","0.0%","0.0%","0.0%","0.0%","","","","","","","","","","","","","","","","","15423"
"Matthew Boyd","SEA","10","0","0","0","0","0","0.0%","0.0%",".000",".000",".000",".000",".000",".000","","","0.0","0.0","0.0","0.0","0","0","0","0","0","0","0","0",".000","0.00","0.0%","0.0%","0.0%","0.0%","0.0%","0.0%","","","","","","","","","","","","","","","","","15440"
"Zack Weiss","LAA","12","0","0","0","0","0","0.0%","0.0%",".000",".000",".000",".000",".000",".000","","","0.0","0.0","0.0","0.0","0","0","0","0","0","0","0","0",".000","0.00","0.0%","0.0%","0.0%","0.0%","0.0%","0.0%","","","","","","","","","","","","","","","","","15444"
"Mike Mayers","LAA","24","0","0","0","0","0","0.0%","0.0%",".000",".000",".000",".000",".000",".000","","","0.0","0.0","0.0","0.0","0","0","0","0","0","0","0","0",".000","0.00","0.0%","0.0%","0.0%","0.0%","0.0%","0.0%","","","","","","","","","","","","","","","","","15451"
"Nick Pivetta","BOS","33","0","0","0","0","0","0.0%","0.0%",".000",".000",".000",".000",".000",".000","","","0.0","0.0","0.0","0.0","0","0","0","0","0","0","0","0",".000","0.00","0.0%","0.0%","0.0%","0.0%","0.0%","0.0%","","","","","","","","","","","","","","","","","15454"
"Marco Gonzales","SEA","32","0","0","0","0","0","0.0%","0.0%",".000",".000",".000",".000",".000",".000","","","0.0","0.0","0.0","0.0","0","0","0","0","0","0","0","0",".000","0.00","0.0%","0.0%","0.0%","0.0%","0.0%","0.0%","","","","","","","","","","","","","","","","","15467"
"Lucas Giolito","CHW","30","0","0","0","0","0","0.0%","0.0%",".000",".000",".000",".000",".000",".000","","","0.0","0.0","0.0","0.0","0","0","0","0","0","0","0","0",".000","0.00","0.0%","0.0%","0.0%","0.0%","0.0%","0.0%","","","","","","","","","","","","","","","","","15474"
"Antonio Senzatela","COL","19","0","0","0","0","0","0.0%","0.0%",".000",".000",".000",".000",".000",".000","","","0.0","0.0","0.0","0.0","0","0","0","0","0","0","0","0",".000","0.00","0.0%","0.0%","0.0%","0.0%","0.0%","0.0%","","","","","","","","","","","","","","","","","15488"
"Hunter Harvey","WSN","38","0","0","0","0","0","0.0%","0.0%",".000",".000",".000",".000",".000",".000","","","0.0","0.0","0.0","0.0","0","0","0","0","0","0","0","0",".000","0.00","0.0%","0.0%","0.0%","0.0%","0.0%","0.0%","","","","","","","","","","","","","","","","","15507"
"Kendall Graveman","CHW","65","0","0","0","0","0","0.0%","0.0%",".000",".000",".000",".000",".000",".000","","","0.0","0.0","0.0","0.0","0","0","0","0","0","0","0","0",".000","0.00","0.0%","0.0%","0.0%","0.0%","0.0%","0.0%","","","","","","","","","","","","","","","","","15514"
"Tyler Rogers","SFG","68","0","0","0","0","0","0.0%","0.0%",".000",".000",".000",".000",".000",".000","","","0.0","0.0","0.0","0.0","0","0","0","0","0","0","0","0",".000","0.00","0.0%","0.0%","0.0%","0.0%","0.0%","0.0%","","","","","","","","","","","","","","","","","15541"
"Mark Leiter Jr.","CHC","35","0","0","0","0","0","0.0%","0.0%",".000",".000",".000",".000",".000",".000","","","0.0","0.0","0.0","0.0","0","0","0","0","0","0","0","0",".000","0.00","0.0%","0.0%","0.0%","0.0%","0.0%","0.0%","","","","","","","","","","","","","","","","","15551"
"Chad Green","NYY","14","0","0","0","0","0","0.0%","0.0%",".000",".000",".000",".000",".000",".000","","","0.0","0.0","0.0","0.0","0","0","0","0","0","0","0","0",".000","0.00","0.0%","0.0%","0.0%","0.0%","0.0%","0.0%","","","","","","","","","","","","","","","","","15552"
"Nick Wittgren","STL","29","0","0","0","0","0","0.0%","0.0%",".000",".000",".000",".000",".000",".000","","","0.0","0.0","0.0","0.0","0","0","0","0","0","0","0","0",".000","0.00","0.0%","0.0%","0.0%","0.0%","0.0%","0.0%","","","","","","","","","","","","","","","","","15594"
"Phillips Valdez","BOS","13","0","0","0","0","0","0.0%","0.0%",".000",".000",".000",".000",".000",".000","","","0.0","0.0","0.0","0.0","0","0","0","0","0","0","0","0",".000","0.00","0.0%","0.0%","0.0%","0.0%","0.0%","0.0%","","","","","","","","","","","","","","","","","15605"
"Miguel Castro","NYY","34","0","0","0","0","0","0.0%","0.0%",".000",".000",".000",".000",".000",".000","","","0.0","0.0","0.0","0.0","0","0","0","0","0","0","0","0",".000","0.00","0.0%","0.0%","0.0%","0.0%","0.0%","0.0%","","","","","","","","","","","","","","","","","15684"
"Luis Castillo","- - -","25","0","0","0","0","0","0.0%","0.0%",".000",".000",".000",".000",".000",".000","","","0.0","0.0","0.0","0.0","0","0","0","0","0","0","0","0",".000","0.00","0.0%","0.0%","0.0%","0.0%","0.0%","0.0%","","","","","","","","","","","","","","","","","15689"
"Brad Keller","KCR","35","0","0","0","0","0","0.0%","0.0%",".000",".000",".000",".000",".000",".000","","","0.0","0.0","0.0","0.0","0","0","0","0","0","0","0","0",".000","0.00","0.0%","0.0%","0.0%","0.0%","0.0%","0.0%","","","","","","","","","","","","","","","","","15734"
"Joe Jimenez","DET","62","0","0","0","0","0","0.0%","0.0%",".000",".000",".000",".000",".000",".000","","","0.0","0.0","0.0","0.0","0","0","0","0","0","0","0","0",".000","0.00","0.0%","0.0%","0.0%","0.0%","0.0%","0.0%","","","","","","","","","","","","","","","","","15761"
"Devin Williams","MIL","65","0","0","0","0","0","0.0%","0.0%",".000",".000",".000",".000",".000",".000","","","0.0","0.0","0.0","0.0","0","0","0","0","0","0","0","0",".000","0.00","0.0%","0.0%","0.0%","0.0%","0.0%","0.0%","","","","","","","","","","","","","","","","","15816"
"Zack Littell","SFG","39","0","0","0","0","0","0.0%","0.0%",".000",".000",".000",".000",".000",".000","","","0.0","0.0","0.0","0.0","0","0","0","0","0","0","0","0",".000","0.00","0.0%","0.0%","0.0%","0.0%","0.0%","0.0%","","","","","","","","","","","","","","","","","15823"
"Paul Fry","- - -","13","0","0","0","0","0","0.0%","0.0%",".000",".000",".000",".000",".000",".000","","","0.0","0.0","0.0","0.0","0","0","0","0","0","0","0","0",".000","0.00","0.0%","0.0%","0.0%","0.0%","0.0%","0.0%","","","","","","","","","","","","","","","","","15832"
"Sean Manaea","SDP","30","0","0","0","0","0","0.0%","0.0%",".000",".000",".000",".000",".000",".000","","","0.0","0.0","0.0","0.0","0","0","0","0","0","0","0","0",".000","0.00","0.0%","0.0%","0.0%","0.0%","0.0%","0.0%","","","","","","","","","","","","","","","","","15873"
"Luis Severino","NYY","19","0","0","0","0","0","0.0%","0.0%",".000",".000",".000",".000",".000",".000","","","0.0","0.0","0.0","0.0","0","0","0","0","0","0","0","0",".000","0.00","0.0%","0.0%","0.0%","0.0%","0.0%","0.0%","","","","","","","","","","","","","","","","","15890"
"Victor Arano","WSN","43","0","0","0","0","0","0.0%","0.0%",".000",".000",".000",".000",".000",".000","","","0.0","0.0","0.0","0.0","0","0","0","0","0","0","0","0",".000","0.00","0.0%","0.0%","0.0%","0.0%","0.0%","0.0%","","","","","","","","","","","","","","","","","15915"
"Ryne Stanek","HOU","59","0","0","0","0","0","0.0%","0.0%",".000",".000",".000",".000",".000",".000","","","0.0","0.0","0.0","0.0","0","0","0","0","0","0","0","0",".000","0.00","0.0%","0.0%","0.0%","0.0%","0.0%","0.0%","","","","","","","","","","","","","","","","","15947"
"Zach Thompson","PIT","29","0","0","0","0","0","0.0%","0.0%",".000",".000",".000",".000",".000",".000","","","0.0","0.0","0.0","0.0","0","0","0","0","0","0","0","0",".000","0.00","0.0%","0.0%","0.0%","0.0%","0.0%","0.0%","","","","","","","","","","","","","","","","","16094"
"Jordan Romano","TOR","63","0","0","0","0","0","0.0%","0.0%",".000",".000",".000",".000",".000",".000","","","0.0","0.0","0.0","0.0","0","0","0","0","0","0","0","0",".000","0.00","0.0%","0.0%","0.0%","0.0%","0.0%","0.0%","","","","","","","","","","","","","","","","","16122"
"Chris Ellis","BAL","2","0","0","0","0","0","0.0%","0.0%",".000",".000",".000",".000",".000",".000","","","0.0","0.0","0.0","0.0","0","0","0","0","0","0","0","0",".000","0.00","0.0%","0.0%","0.0%","0.0%","0.0%","0.0%","","","","","","","","","","","","","","","","","16125"
"Carlos Rodon","SFG","31","0","0","0","0","0","0.0%","0.0%",".000",".000",".000",".000",".000",".000","","","0.0","0.0","0.0","0.0","0","0","0","0","0","0","0","0",".000","0.00","0.0%","0.0%","0.0%","0.0%","0.0%","0.0%","","","","","","","","","","","","","","","","","16137"
"Aaron Nola","PHI","32","0","0","0","0","0","0.0%","0.0%",".000",".000",".000",".000",".000",".000","","","0.0","0.0","0.0","0.0","0","0","0","0","0","0","0","0",".000","0.00","0.0%","0.0%","0.0%","0.0%","0.0%","0.0%","","","","","","","","","","","","","","","","","16149"
"Brandon Woodruff","MIL","27","0","0","0","0","0","0.0%","0.0%",".000",".000",".000",".000",".000",".000","","","0.0","0.0","0.0","0.0","0","0","0","0","0","0","0","0",".000","0.00","0.0%","0.0%","0.0%","0.0%","0.0%","0.0%","","","","","","","","","","","","","","","","","16162"
"Jake Reed","- - -","18","0","0","0","0","0","0.0%","0.0%",".000",".000",".000",".000",".000",".000","","","0.0","0.0","0.0","0.0","0","0","0","0","0","0","0","0",".000","0.00","0.0%","0.0%","0.0%","0.0%","0.0%","0.0%","","","","","","","","","","","","","","","","","16209"
"Kyle Freeland","COL","31","0","0","0","0","0","0.0%","0.0%",".000",".000",".000",".000",".000",".000","","","0.0","0.0","0.0","0.0","0","0","0","0","0","0","0","0",".000","0.00","0.0%","0.0%","0.0%","0.0%","0.0%","0.0%","","","","","","","","","","","","","","","","","16256"
"Aaron Bummer","CHW","32","0","0","0","0","0","0.0%","0.0%",".000",".000",".000",".000",".000",".000","","","0.0","0.0","0.0","0.0","0","0","0","0","0","0","0","0",".000","0.00","0.0%","0.0%","0.0%","0.0%","0.0%","0.0%","","","","","","","","","","","","","","","","","16258"
"Sam Howard","PIT","3","0","0","0","0","0","0.0%","0.0%",".000",".000",".000",".000",".000",".000","","","0.0","0.0","0.0","0.0","0","0","0","0","0","0","0","0",".000","0.00","0.0%","0.0%","0.0%","0.0%","0.0%","0.0%","","","","","","","","","","","","","","","","","16265"
"A.J. Ladwig","MIA","1","0","0","0","0","0","0.0%","0.0%",".000",".000",".000",".000",".000",".000","","","0.0","0.0","0.0","0.0","0","0","0","0","0","0","0","0",".000","0.00","0.0%","0.0%","0.0%","0.0%","0.0%","0.0%","","","","","","","","","","","","","","","","","16266"
"John Means","BAL","2","0","0","0","0","0","0.0%","0.0%",".000",".000",".000",".000",".000",".000","","","0.0","0.0","0.0","0.0","0","0","0","0","0","0","0","0",".000","0.00","0.0%","0.0%","0.0%","0.0%","0.0%","0.0%","","","","","","","","","","","","","","","","","16269"
"Sam Clay","- - -","7","0","0","0","0","0","0.0%","0.0%",".000",".000",".000",".000",".000",".000","","","0.0","0.0","0.0","0.0","0","0","0","0","0","0","0","0",".000","0.00","0.0%","0.0%","0.0%","0.0%","0.0%","0.0%","","","","","","","","","","","","","","","","","16279"
"Jesus Tinoco","TEX","17","0","0","0","0","0","0.0%","0.0%",".000",".000",".000",".000",".000",".000","","","0.0","0.0","0.0","0.0","0","0","0","0","0","0","0","0",".000","0.00","0.0%","0.0%","0.0%","0.0%","0.0%","0.0%","","","","","","","","","","","","","","","","","16300"
"Gerardo Reyes","LAA","2","0","0","0","0","0","0.0%","0.0%",".000",".000",".000",".000",".000",".000","","","0.0","0.0","0.0","0.0","0","0","0","0","0","0","0","0",".000","0.00","0.0%","0.0%","0.0%","0.0%","0.0%","0.0%","","","","","","","","","","","","","","","","","16306"
"Ryan Borucki","- - -","32","0","0","0","0","0","0.0%","0.0%",".000",".000",".000",".000",".000",".000","","","0.0","0.0","0.0","0.0","0","0","0","0","0","0","0","0",".000","0.00","0.0%","0.0%","0.0%","0.0%","0.0%","0.0%","","","","","","","","","","","","","","","","","16350"
"Tyler Mahle","- - -","23","0","0","0","0","0","0.0%","0.0%",".000",".000",".000",".000",".000",".000","","","0.0","0.0","0.0","0.0","0","0","0","0","0","0","0","0",".000","0.00","0.0%","0.0%","0.0%","0.0%","0.0%","0.0%","","","","","","","","","","","","","","","","","16358"
"Ryan Castellani","OAK","3","0","0","0","0","0","0.0%","0.0%",".000",".000",".000",".000",".000",".000","","","0.0","0.0","0.0","0.0","0","0","0","0","0","0","0","0",".000","0.00","0.0%","0.0%","0.0%","0.0%","0.0%","0.0%","","","","","","","","","","","","","","","","","16377"
"Reynaldo Lopez","CHW","61","0","0","0","0","0","0.0%","0.0%",".000",".000",".000",".000",".000",".000","","","0.0","0.0","0.0","0.0","0","0","0","0","0","0","0","0",".000","0.00","0.0%","0.0%","0.0%","0.0%","0.0%","0.0%","","","","","","","","","","","","","","","","","16400"
"Yonny Chirinos","TBR","2","0","0","0","0","0","0.0%","0.0%",".000",".000",".000",".000",".000",".000","","","0.0","0.0","0.0","0.0","0","0","0","0","0","0","0","0",".000","0.00","0.0%","0.0%","0.0%","0.0%","0.0%","0.0%","","","","","","","","","","","","","","","","","16401"
"Blake Taylor","HOU","19","0","0","0","0","0","0.0%","0.0%",".000",".000",".000",".000",".000",".000","","","0.0","0.0","0.0","0.0","0","0","0","0","0","0","0","0",".000","0.00","0.0%","0.0%","0.0%","0.0%","0.0%","0.0%","","","","","","","","","","","","","","","","","16418"
"Foster Griffin","- - -","6","0","0","0","0","0","0.0%","0.0%",".000",".000",".000",".000",".000",".000","","","0.0","0.0","0.0","0.0","0","0","0","0","0","0","0","0",".000","0.00","0.0%","0.0%","0.0%","0.0%","0.0%","0.0%","","","","","","","","","","","","","","","","","16432"
"James Norwood","PHI","20","0","0","0","0","0","0.0%","0.0%",".000",".000",".000",".000",".000",".000","","","0.0","0.0","0.0","0.0","0","0","0","0","0","0","0","0",".000","0.00","0.0%","0.0%","0.0%","0.0%","0.0%","0.0%","","","","","","","","","","","","","","","","","16440"
"Ryan Yarbrough","TBR","20","0","0","0","0","0","0.0%","0.0%",".000",".000",".000",".000",".000",".000","","","0.0","0.0","0.0","0.0","0","0","0","0","0","0","0","0",".000","0.00","0.0%","0.0%","0.0%","0.0%","0.0%","0.0%","","","","","","","","","","","","","","","","","16502"
"Jordan Montgomery","- - -","32","0","0","0","0","0","0.0%","0.0%",".000",".000",".000",".000",".000",".000","","","0.0","0.0","0.0","0.0","0","0","0","0","0","0","0","0",".000","0.00","0.0%","0.0%","0.0%","0.0%","0.0%","0.0%","","","","","","","","","","","","","","","","","16511"
"Dusten Knight","TBR","6","0","0","0","0","0","0.0%","0.0%",".000",".000",".000",".000",".000",".000","","","0.0","0.0","0.0","0.0","0","0","0","0","0","0","0","0",".000","0.00","0.0%","0.0%","0.0%","0.0%","0.0%","0.0%","","","","","","","","","","","","","","","","","16537"
"Austin Gomber","COL","33","0","0","0","0","0","0.0%","0.0%",".000",".000",".000",".000",".000",".000","","","0.0","0.0","0.0","0.0","0","0","0","0","0","0","0","0",".000","0.00","0.0%","0.0%","0.0%","0.0%","0.0%","0.0%","","","","","","","","","","","","","","","","","16561"
"Erik Swanson","SEA","57","0","0","0","0","0","0.0%","0.0%",".000",".000",".000",".000",".000",".000","","","0.0","0.0","0.0","0.0","0","0","0","0","0","0","0","0",".000","0.00","0.0%","0.0%","0.0%","0.0%","0.0%","0.0%","","","","","","","","","","","","","","","","","16587"
"Bryan Abreu","HOU","55","0","0","0","0","0","0.0%","0.0%",".000",".000",".000",".000",".000",".000","","","0.0","0.0","0.0","0.0","0","0","0","0","0","0","0","0",".000","0.00","0.0%","0.0%","0.0%","0.0%","0.0%","0.0%","","","","","","","","","","","","","","","","","16609"
"J.P. Feyereisen","TBR","22","0","0","0","0","0","0.0%","0.0%",".000",".000",".000",".000",".000",".000","","","0.0","0.0","-0.1","0.0","0","0","0","0","0","0","0","0",".000","0.00","0.0%","0.0%","0.0%","0.0%","0.0%","0.0%","","","","","","","","","","","","","","","","","16610"
"Jeff Brigham","MIA","16","0","0","0","0","0","0.0%","0.0%",".000",".000",".000",".000",".000",".000","","","0.0","0.0","0.0","0.0","0","0","0","0","0","0","0","0",".000","0.00","0.0%","0.0%","0.0%","0.0%","0.0%","0.0%","","","","","","","","","","","","","","","","","16631"
"Ryan Thompson","TBR","47","0","0","0","0","0","0.0%","0.0%",".000",".000",".000",".000",".000",".000","","","0.0","0.0","0.0","0.0","0","0","0","0","0","0","0","0",".000","0.00","0.0%","0.0%","0.0%","0.0%","0.0%","0.0%","","","","","","","","","","","","","","","","","16647"
"Julian Merryweather","TOR","26","0","0","0","0","0","0.0%","0.0%",".000",".000",".000",".000",".000",".000","","","0.0","0.0","0.0","0.0","0","0","0","0","0","0","0","0",".000","0.00","0.0%","0.0%","0.0%","0.0%","0.0%","0.0%","","","","","","","","","","","","","","","","","16703"
"Vinny Nittoli","PHI","2","0","0","0","0","0","0.0%","0.0%",".000",".000",".000",".000",".000",".000","","","0.0","0.0","0.0","0.0","0","0","0","0","0","0","0","0",".000","0.00","0.0%","0.0%","0.0%","0.0%","0.0%","0.0%","","","","","","","","","","","","","","","","","16754"
"Tim Hill","SDP","55","0","0","0","0","0","0.0%","0.0%",".000",".000",".000",".000",".000",".000","","","0.0","0.0","0.0","0.0","0","0","0","0","0","0","0","0",".000","0.00","0.0%","0.0%","0.0%","0.0%","0.0%","0.0%","","","","","","","","","","","","","","","","","16814"
"Brennan Bernardino","SEA","2","0","0","0","0","0","0.0%","0.0%",".000",".000",".000",".000",".000",".000","","","0.0","0.0","0.0","0.0","0","0","0","0","0","0","0","0",".000","0.00","0.0%","0.0%","0.0%","0.0%","0.0%","0.0%","","","","","","","","","","","","","","","","","16835"
"Locke St. John","CHC","1","0","0","0","0","0","0.0%","0.0%",".000",".000",".000",".000",".000",".000","","","0.0","0.0","0.0","0.0","0","0","0","0","0","0","0","0",".000","0.00","0.0%","0.0%","0.0%","0.0%","0.0%","0.0%","","","","","","","","","","","","","","","","","16850"
"Reed Garrett","WSN","7","0","0","0","0","0","0.0%","0.0%",".000",".000",".000",".000",".000",".000","","","0.0","0.0","0.0","0.0","0","0","0","0","0","0","0","0",".000","0.00","0.0%","0.0%","0.0%","0.0%","0.0%","0.0%","","","","","","","","","","","","","","","","","16866"
"Eric Stout","- - -","20","0","0","0","0","0","0.0%","0.0%",".000",".000",".000",".000",".000",".000","","","0.0","0.0","0.0","0.0","0","0","0","0","0","0","0","0",".000","0.00","0.0%","0.0%","0.0%","0.0%","0.0%","0.0%","","","","","","","","","","","","","","","","","16873"
"Luke Weaver","- - -","27","0","0","0","0","0","0.0%","0.0%",".000",".000",".000",".000",".000",".000","","","0.0","0.0","-0.1","0.0","0","0","0","0","0","0","0","0",".000","0.00","0.0%","0.0%","0.0%","0.0%","0.0%","0.0%","","","","","","","","","","","","","","","","","16918"
"Touki Toussaint","LAA","8","0","0","0","0","0","0.0%","0.0%",".000",".000",".000",".000",".000",".000","","","0.0","0.0","0.0","0.0","0","0","0","0","0","0","0","0",".000","0.00","0.0%","0.0%","0.0%","0.0%","0.0%","0.0%","","","","","","","","","","","","","","","","","16929"
"Elieser Hernandez","MIA","20","0","0","0","0","0","0.0%","0.0%",".000",".000",".000",".000",".000",".000","","","0.0","0.0","0.0","0.0","0","0","0","0","0","0","0","0",".000","0.00","0.0%","0.0%","0.0%","0.0%","0.0%","0.0%","","","","","","","","","","","","","","","","","16933"
"Luis Ortiz","SFG","6","0","0","0","0","0","0.0%","0.0%",".000",".000",".000",".000",".000",".000","","","0.0","0.0","0.0","0.0","0","0","0","0","0","0","0","0",".000","0.00","0.0%","0.0%","0.0%","0.0%","0.0%","0.0%","","","","","","","","","","","","","","","","","16942"
"Sean Newcomb","- - -","20","0","0","0","0","0","0.0%","0.0%",".000",".000",".000",".000",".000",".000","","","0.0","0.0","-0.1","0.0","0","0","0","0","0","0","0","0",".000","0.00","0.0%","0.0%","0.0%","0.0%","0.0%","0.0%","","","","","","","","","","","","","","","","","16943"
"Trevor Williams","NYM","30","0","0","0","0","0","0.0%","0.0%",".000",".000",".000",".000",".000",".000","","","0.0","0.0","0.0","0.0","0","0","0","0","0","0","0","0",".000","0.00","0.0%","0.0%","0.0%","0.0%","0.0%","0.0%","","","","","","","","","","","","","","","","","16977"
"Daniel Mengden","KCR","5","0","0","0","0","0","0.0%","0.0%",".000",".000",".000",".000",".000",".000","","","0.0","0.0","0.0","0.0","0","0","0","0","0","0","0","0",".000","0.00","0.0%","0.0%","0.0%","0.0%","0.0%","0.0%","","","","","","","","","","","","","","","","","16980"
"Tyler Beede","- - -","31","0","0","0","0","0","0.0%","0.0%",".000",".000",".000",".000",".000",".000","","","0.0","0.0","0.0","0.0","0","0","0","0","0","0","0","0",".000","0.00","0.0%","0.0%","0.0%","0.0%","0.0%","0.0%","","","","","","","","","","","","","","","","","16981"
"Tanner Banks","CHW","35","0","0","0","0","0","0.0%","0.0%",".000",".000",".000",".000",".000",".000","","","0.0","0.0","0.0","0.0","0","0","0","0","0","0","0","0",".000","0.00","0.0%","0.0%","0.0%","0.0%","0.0%","0.0%","","","","","","","","","","","","","","","","","16990"
"Sean Reid-Foley","NYM","7","0","0","0","0","0","0.0%","0.0%",".000",".000",".000",".000",".000",".000","","","0.0","0.0","0.0","0.0","0","0","0","0","0","0","0","0",".000","0.00","0.0%","0.0%","0.0%","0.0%","0.0%","0.0%","","","","","","","","","","","","","","","","","17034"
"Pablo Lopez","MIA","32","0","0","0","0","0","0.0%","0.0%",".000",".000",".000",".000",".000",".000","","","0.0","0.0","0.0","0.0","0","0","0","0","0","0","0","0",".000","0.00","0.0%","0.0%","0.0%","0.0%","0.0%","0.0%","","","","","","","","","","","","","","","","","17085"
"Domingo Acevedo","OAK","70","0","0","0","0","0","0.0%","0.0%",".000",".000",".000",".000",".000",".000","","","0.0","0.0","0.0","0.0","0","0","0","0","0","0","0","0",".000","0.00","0.0%","0.0%","0.0%","0.0%","0.0%","0.0%","","","","","","","","","","","","","","","","","17092"
"Austin Davis","- - -","52","0","0","0","0","0","0.0%","0.0%",".000",".000",".000",".000",".000",".000","","","0.0","0.0","0.0","0.0","0","0","0","0","0","0","0","0",".000","0.00","0.0%","0.0%","0.0%","0.0%","0.0%","0.0%","","","","","","","","","","","","","","","","","17117"
"Raisel Iglesias","- - -","67","0","0","0","0","0","0.0%","0.0%",".000",".000",".000",".000",".000",".000","","","0.0","0.0","0.0","0.0","0","0","0","0","0","0","0","0",".000","0.00","0.0%","0.0%","0.0%","0.0%","0.0%","0.0%","","","","","","","","","","","","","","","","","17130"
"Domingo German","NYY","15","0","0","0","0","0","0.0%","0.0%",".000",".000",".000",".000",".000",".000","","","0.0","0.0","0.0","0.0","0","0","0","0","0","0","0","0",".000","0.00","0.0%","0.0%","0.0%","0.0%","0.0%","0.0%","","","","","","","","","","","","","","","","","17149"
"Jose Castillo","SDP","1","0","0","0","0","0","0.0%","0.0%",".000",".000",".000",".000",".000",".000","","","0.0","0.0","0.0","0.0","0","0","0","0","0","0","0","0",".000","0.00","0.0%","0.0%","0.0%","0.0%","0.0%","0.0%","","","","","","","","","","","","","","","","","17169"
"Gabe Speier","KCR","17","0","0","0","0","0","0.0%","0.0%",".000",".000",".000",".000",".000",".000","","","0.0","0.0","0.0","0.0","0","0","0","0","0","0","0","0",".000","0.00","0.0%","0.0%","0.0%","0.0%","0.0%","0.0%","","","","","","","","","","","","","","","","","17170"
"Bubby Rossman","PHI","1","0","0","0","0","0","0.0%","0.0%",".000",".000",".000",".000",".000",".000","","","0.0","0.0","0.0","0.0","0","0","0","0","0","0","0","0",".000","0.00","0.0%","0.0%","0.0%","0.0%","0.0%","0.0%","","","","","","","","","","","","","","","","","17179"
"Yoan Lopez","NYM","8","0","0","0","0","0","0.0%","0.0%",".000",".000",".000",".000",".000",".000","","","0.0","0.0","0.0","0.0","0","0","0","0","0","0","0","0",".000","0.00","0.0%","0.0%","0.0%","0.0%","0.0%","0.0%","","","","","","","","","","","","","","","","","17181"
"Dinelson Lamet","- - -","32","0","0","0","0","0","0.0%","0.0%",".000",".000",".000",".000",".000",".000","","","0.0","0.0","0.0","0.0","0","0","0","0","0","0","0","0",".000","0.00","0.0%","0.0%","0.0%","0.0%","0.0%","0.0%","","","","","","","","","","","","","","","","","17186"
"Jalen Beeks","TBR","42","0","0","0","0","0","0.0%","0.0%",".000",".000",".000",".000",".000",".000","","","0.0","0.0","0.0","0.0","0","0","0","0","0","0","0","0",".000","0.00","0.0%","0.0%","0.0%","0.0%","0.0%","0.0%","","","","","","","","","","","","","","","","","17192"
"Austin Brice","PIT","4","0","0","0","0","0","0.0%","0.0%",".000",".000",".000",".000",".000",".000","","","0.0","0.0","0.0","0.0","0","0","0","0","0","0","0","0",".000","0.00","0.0%","0.0%","0.0%","0.0%","0.0%","0.0%","","","","","","","","","","","","","","","","","17237"
"Sam Coonrod","PHI","12","0","0","0","0","0","0.0%","0.0%",".000",".000",".000",".000",".000",".000","","","0.0","0.0","0.0","0.0","0","0","0","0","0","0","0","0",".000","0.00","0.0%","0.0%","0.0%","0.0%","0.0%","0.0%","","","","","","","","","","","","","","","","","17264"
"Ranger Suarez","PHI","29","0","0","0","0","0","0.0%","0.0%",".000",".000",".000",".000",".000",".000","","","0.0","0.0","0.0","0.0","0","0","0","0","0","0","0","0",".000","0.00","0.0%","0.0%","0.0%","0.0%","0.0%","0.0%","","","","","","","","","","","","","","","","","17277"
"Michael Kopech","CHW","25","0","0","0","0","0","0.0%","0.0%",".000",".000",".000",".000",".000",".000","","","0.0","0.0","0.0","0.0","0","0","0","0","0","0","0","0",".000","0.00","0.0%","0.0%","0.0%","0.0%","0.0%","0.0%","","","","","","","","","","","","","","","","","17282"
"Justus Sheffield","SEA","6","0","0","0","0","0","0.0%","0.0%",".000",".000",".000",".000",".000",".000","","","0.0","0.0","0.0","0.0","0","0","0","0","0","0","0","0",".000","0.00","0.0%","0.0%","0.0%","0.0%","0.0%","0.0%","","","","","","","","","","","","","","","","","17285"
"Javy Guerra","- - -","18","0","0","0","0","0","0.0%","0.0%",".000",".000",".000",".000",".000",".000","","","0.0","0.0","0.0","0.0","0","0","0","0","0","0","0","0",".000","0.00","0.0%","0.0%","0.0%","0.0%","0.0%","0.0%","","","","","","","","","","","","","","","","","17292"
"Framber Valdez","HOU","31","0","0","0","0","0","0.0%","0.0%",".000",".000",".000",".000",".000",".000","","","0.0","0.0","0.0","0.0","0","0","0","0","0","0","0","0",".000","0.00","0.0%","0.0%","0.0%","0.0%","0.0%","0.0%","","","","","","","","","","","","","","","","","17295"
"Luis Liberato","SDP","7","5","0","0","0","0","0.0%","60.0%",".000",".000",".000",".000",".000",".000",".006","-100","0.0","-1.2","-0.3","-0.1","0","0","0","0","0","3","0","0",".000","0.00","0.0%","0.0%","100.0%","0.0%","0.0%","0.0%","37.5%","71.4%","53.3%","66.7%","80.0%","75.0%","46.7%","13.3%","50.0%","40.0%",".005","92.1","44.7","0.0%","97.1",".010","17307"
"Justin Steele","CHC","24","0","0","0","0","0","0.0%","0.0%",".000",".000",".000",".000",".000",".000","","","0.0","0.0","0.0","0.0","0","0","0","0","0","0","0","0",".000","0.00","0.0%","0.0%","0.0%","0.0%","0.0%","0.0%","","","","","","","","","","","","","","","","","17312"
"Brett Martin","TEX","55","0","0","0","0","0","0.0%","0.0%",".000",".000",".000",".000",".000",".000","","","0.0","0.0","0.0","0.0","0","0","0","0","0","0","0","0",".000","0.00","0.0%","0.0%","0.0%","0.0%","0.0%","0.0%","","","","","","","","","","","","","","","","","17369"
"Matt Gage","TOR","11","0","0","0","0","0","0.0%","0.0%",".000",".000",".000",".000",".000",".000","","","0.0","0.0","0.0","0.0","0","0","0","0","0","0","0","0",".000","0.00","0.0%","0.0%","0.0%","0.0%","0.0%","0.0%","","","","","","","","","","","","","","","","","17381"
"Erick Fedde","WSN","27","0","0","0","0","0","0.0%","0.0%",".000",".000",".000",".000",".000",".000","","","0.0","0.0","0.0","0.0","0","0","0","0","0","0","0","0",".000","0.00","0.0%","0.0%","0.0%","0.0%","0.0%","0.0%","","","","","","","","","","","","","","","","","17425"
"Jeff Hoffman","CIN","35","0","0","0","0","0","0.0%","0.0%",".000",".000",".000",".000",".000",".000","","","0.0","0.0","0.0","0.0","0","0","0","0","0","0","0","0",".000","0.00","0.0%","0.0%","0.0%","0.0%","0.0%","0.0%","","","","","","","","","","","","","","","","","17432"
"Jonathan Hernandez","TEX","29","0","0","0","0","0","0.0%","0.0%",".000",".000",".000",".000",".000",".000","","","0.0","0.0","0.0","0.0","0","0","0","0","0","0","0","0",".000","0.00","0.0%","0.0%","0.0%","0.0%","0.0%","0.0%","","","","","","","","","","","","","","","","","17464"
"Jack Flaherty","STL","9","0","0","0","0","0","0.0%","0.0%",".000",".000",".000",".000",".000",".000","","","0.0","0.0","0.0","0.0","0","0","0","0","0","0","0","0",".000","0.00","0.0%","0.0%","0.0%","0.0%","0.0%","0.0%","","","","","","","","","","","","","","","","","17479"
"Daniel Duarte","CIN","3","0","0","0","0","0","0.0%","0.0%",".000",".000",".000",".000",".000",".000","","","0.0","0.0","0.0","0.0","0","0","0","0","0","0","0","0",".000","0.00","0.0%","0.0%","0.0%","0.0%","0.0%","0.0%","","","","","","","","","","","","","","","","","17480"
"Albert Abreu","- - -","33","0","0","0","0","0","0.0%","0.0%",".000",".000",".000",".000",".000",".000","","","0.0","0.0","0.0","0.0","0","0","0","0","0","0","0","0",".000","0.00","0.0%","0.0%","0.0%","0.0%","0.0%","0.0%","","","","","","","","","","","","","","","","","17485"
"Spenser Watkins","BAL","23","0","0","0","0","0","0.0%","0.0%",".000",".000",".000",".000",".000",".000","","","0.0","0.0","0.0","0.0","0","0","0","0","0","0","0","0",".000","0.00","0.0%","0.0%","0.0%","0.0%","0.0%","0.0%","","","","","","","","","","","","","","","","","17489"
"Genesis Cabrera","STL","39","0","0","0","0","0","0.0%","0.0%",".000",".000",".000",".000",".000",".000","","","0.0","0.0","0.0","0.0","0","0","0","0","0","0","0","0",".000","0.00","0.0%","0.0%","0.0%","0.0%","0.0%","0.0%","","","","","","","","","","","","","","","","","17490"
"Diego Castillo","SEA","59","0","0","0","0","0","0.0%","0.0%",".000",".000",".000",".000",".000",".000","","","0.0","0.0","0.0","0.0","0","0","0","0","0","0","0","0",".000","0.00","0.0%","0.0%","0.0%","0.0%","0.0%","0.0%","","","","","","","","","","","","","","","","","17496"
"Ryan Burr","CHW","8","0","0","0","0","0","0.0%","0.0%",".000",".000",".000",".000",".000",".000","","","0.0","0.0","0.0","0.0","0","0","0","0","0","0","0","0",".000","0.00","0.0%","0.0%","0.0%","0.0%","0.0%","0.0%","","","","","","","","","","","","","","","","","17536"
"Jimmy Herget","LAA","49","0","0","0","0","0","0.0%","0.0%",".000",".000",".000",".000",".000",".000","","","0.0","0.0","0.0","0.0","0","0","0","0","0","0","0","0",".000","0.00","0.0%","0.0%","0.0%","0.0%","0.0%","0.0%","","","","","","","","","","","","","","","","","17556"
"JT Brubaker","PIT","28","0","0","0","0","0","0.0%","0.0%",".000",".000",".000",".000",".000",".000","","","0.0","0.0","0.0","0.0","0","0","0","0","0","0","0","0",".000","0.00","0.0%","0.0%","0.0%","0.0%","0.0%","0.0%","","","","","","","","","","","","","","","","","17578"
"Marcos Diplan","BAL","5","0","0","0","0","0","0.0%","0.0%",".000",".000",".000",".000",".000",".000","","","0.0","0.0","0.0","0.0","0","0","0","0","0","0","0","0",".000","0.00","0.0%","0.0%","0.0%","0.0%","0.0%","0.0%","","","","","","","","","","","","","","","","","17583"
"Tanner Scott","MIA","67","0","0","0","0","0","0.0%","0.0%",".000",".000",".000",".000",".000",".000","","","0.0","0.0","0.0","0.0","0","0","0","0","0","0","0","0",".000","0.00","0.0%","0.0%","0.0%","0.0%","0.0%","0.0%","","","","","","","","","","","","","","","","","17586"
"Mitch Keller","PIT","31","0","0","0","0","0","0.0%","0.0%",".000",".000",".000",".000",".000",".000","","","0.0","0.0","0.0","0.0","0","0","0","0","0","0","0","0",".000","0.00","0.0%","0.0%","0.0%","0.0%","0.0%","0.0%","","","","","","","","","","","","","","","","","17594"
"Cristian Javier","HOU","30","0","0","0","0","0","0.0%","0.0%",".000",".000",".000",".000",".000",".000","","","0.0","0.0","0.0","0.0","0","0","0","0","0","0","0","0",".000","0.00","0.0%","0.0%","0.0%","0.0%","0.0%","0.0%","","","","","","","","","","","","","","","","","17606"
"Tanner Rainey","WSN","29","0","0","0","0","0","0.0%","0.0%",".000",".000",".000",".000",".000",".000","","","0.0","0.0","0.0","0.0","0","0","0","0","0","0","0","0",".000","0.00","0.0%","0.0%","0.0%","0.0%","0.0%","0.0%","","","","","","","","","","","","","","","","","17610"
"Taylor Clarke","KCR","47","0","0","0","0","0","0.0%","0.0%",".000",".000",".000",".000",".000",".000","","","0.0","0.0","0.0","0.0","0","0","0","0","0","0","0","0",".000","0.00","0.0%","0.0%","0.0%","0.0%","0.0%","0.0%","","","","","","","","","","","","","","","","","17611"
"Justin Lawrence","COL","38","0","0","0","0","0","0.0%","0.0%",".000",".000",".000",".000",".000",".000","","","0.0","0.0","0.0","0.0","0","0","0","0","0","0","0","0",".000","0.00","0.0%","0.0%","0.0%","0.0%","0.0%","0.0%","","","","","","","","","","","","","","","","","17639"
"Jeffrey Springs","TBR","33","0","0","0","0","0","0.0%","0.0%",".000",".000",".000",".000",".000",".000","","","0.0","0.0","0.0","0.0","0","0","0","0","0","0","0","0",".000","0.00","0.0%","0.0%","0.0%","0.0%","0.0%","0.0%","","","","","","","","","","","","","","","","","17677"
"Ralph Garza","TBR","19","0","0","0","0","0","0.0%","0.0%",".000",".000",".000",".000",".000",".000","","","0.0","0.0","0.0","0.0","0","0","0","0","0","0","0","0",".000","0.00","0.0%","0.0%","0.0%","0.0%","0.0%","0.0%","","","","","","","","","","","","","","","","","17682"
"Jose Cuas","KCR","47","0","0","0","0","0","0.0%","0.0%",".000",".000",".000",".000",".000",".000","","","0.0","0.0","0.0","0.0","0","0","0","0","0","0","0","0",".000","0.00","0.0%","0.0%","0.0%","0.0%","0.0%","0.0%","","","","","","","","","","","","","","","","","17701"
"Trevor Megill","MIN","40","0","0","0","0","0","0.0%","0.0%",".000",".000",".000",".000",".000",".000","","","0.0","0.0","0.0","0.0","0","0","0","0","0","0","0","0",".000","0.00","0.0%","0.0%","0.0%","0.0%","0.0%","0.0%","","","","","","","","","","","","","","","","","17722"
"Nabil Crismatt","SDP","50","0","0","0","0","0","0.0%","0.0%",".000",".000",".000",".000",".000",".000","","","0.0","0.0","0.0","0.0","0","0","0","0","0","0","0","0",".000","0.00","0.0%","0.0%","0.0%","0.0%","0.0%","0.0%","","","","","","","","","","","","","","","","","17732"
"Tyler Alexander","DET","27","0","0","0","0","0","0.0%","0.0%",".000",".000",".000",".000",".000",".000","","","0.0","0.0","0.0","0.0","0","0","0","0","0","0","0","0",".000","0.00","0.0%","0.0%","0.0%","0.0%","0.0%","0.0%","","","","","","","","","","","","","","","","","17735"
"Josh Lester","DET","2","5","0","0","0","0","0.0%","60.0%",".000",".000",".000",".000",".000",".000",".189","-100","0.0","-1.2","0.0","-0.1","0","0","0","0","0","3","0","0",".000","2.00","0.0%","100.0%","0.0%","0.0%","0.0%","0.0%","50.0%","66.7%","57.1%","50.0%","100.0%","75.0%","42.9%","14.3%","50.0%","28.6%",".187","98.6","-9.8","0.0%","108.7",".244","17737"
"Drew Smith","NYM","44","0","0","0","0","0","0.0%","0.0%",".000",".000",".000",".000",".000",".000","","","0.0","0.0","0.0","0.0","0","0","0","0","0","0","0","0",".000","0.00","0.0%","0.0%","0.0%","0.0%","0.0%","0.0%","","","","","","","","","","","","","","","","","17755"
"D.J. Stewart","BAL","3","3","0","0","0","0","0.0%","66.7%",".000",".000",".000",".000",".000",".000",".019","-100","0.0","-0.7","0.0","-0.1","0","0","0","0","0","2","0","0",".000","0.00","0.0%","0.0%","100.0%","0.0%","0.0%","0.0%","44.4%","83.3%","60.0%","25.0%","40.0%","33.3%","40.0%","40.0%","0.0%","46.7%",".018","79.3","47.9","0.0%","79.3",".024","17766"
"Jose Alvarado","PHI","59","1","0","0","0","0","0.0%","100.0%",".000",".000",".000",".000",".000",".000",".000","-100","0.0","-0.2","0.1","0.0","0","0","0","0","0","1","0","0",".000","0.00","0.0%","0.0%","0.0%","0.0%","0.0%","0.0%","0.0%","0.0%","0.0%","","","","60.0%","0.0%","","60.0%","","","","","","","17780"
"Jake Brentz","KCR","8","0","0","0","0","0","0.0%","0.0%",".000",".000",".000",".000",".000",".000","","","0.0","0.0","0.0","0.0","0","0","0","0","0","0","0","0",".000","0.00","0.0%","0.0%","0.0%","0.0%","0.0%","0.0%","","","","","","","","","","","","","","","","","17783"
"Dillon Tate","BAL","67","0","0","0","0","0","0.0%","0.0%",".000",".000",".000",".000",".000",".000","","","0.0","0.0","0.0","0.0","0","0","0","0","0","0","0","0",".000","0.00","0.0%","0.0%","0.0%","0.0%","0.0%","0.0%","","","","","","","","","","","","","","","","","17796"
"Drew Jackson","OAK","3","3","0","0","0","0","0.0%","33.3%",".000",".000",".000",".000",".000",".000",".060","-100","0.0","-0.7","0.1","-0.1","0","0","0","0","0","1","0","0",".000","2.00","0.0%","100.0%","0.0%","0.0%","0.0%","0.0%","25.0%","80.0%","55.6%","0.0%","75.0%","60.0%","55.6%","22.2%","0.0%","33.3%",".062","83.7","-18.2","0.0%","84.4",".085","17807"
"Adbert Alzolay","CHC","6","0","0","0","0","0","0.0%","0.0%",".000",".000",".000",".000",".000",".000","","","0.0","0.0","0.0","0.0","0","0","0","0","0","0","0","0",".000","0.00","0.0%","0.0%","0.0%","0.0%","0.0%","0.0%","","","","","","","","","","","","","","","","","17859"
"Ian Gibaut","- - -","34","0","0","0","0","0","0.0%","0.0%",".000",".000",".000",".000",".000",".000","","","0.0","0.0","0.0","0.0","0","0","0","0","0","0","0","0",".000","0.00","0.0%","0.0%","0.0%","0.0%","0.0%","0.0%","","","","","","","","","","","","","","","","","17871"
"Nestor Cortes","NYY","28","0","0","0","0","0","0.0%","0.0%",".000",".000",".000",".000",".000",".000","","","0.0","0.0","0.0","0.0","0","0","0","0","0","0","0","0",".000","0.00","0.0%","0.0%","0.0%","0.0%","0.0%","0.0%","","","","","","","","","","","","","","","","","17874"
"Dennis Santana","TEX","63","0","0","0","0","0","0.0%","0.0%",".000",".000",".000",".000",".000",".000","","","0.0","0.0","0.0","0.0","0","0","0","0","0","0","0","0",".000","0.00","0.0%","0.0%","0.0%","0.0%","0.0%","0.0%","","","","","","","","","","","","","","","","","17878"
"Tayler Saucedo","TOR","4","0","0","0","0","0","0.0%","0.0%",".000",".000",".000",".000",".000",".000","","","0.0","0.0","0.0","0.0","0","0","0","0","0","0","0","0",".000","0.00","0.0%","0.0%","0.0%","0.0%","0.0%","0.0%","","","","","","","","","","","","","","","","","17888"
"Garrett Cleavinger","- - -","17","0","0","0","0","0","0.0%","0.0%",".000",".000",".000",".000",".000",".000","","","0.0","0.0","0.0","0.0","0","0","0","0","0","0","0","0",".000","0.00","0.0%","0.0%","0.0%","0.0%","0.0%","0.0%","","","","","","","","","","","","","","","","","17897"
"Trent Thornton","TOR","32","0","0","0","0","0","0.0%","0.0%",".000",".000",".000",".000",".000",".000","","","0.0","0.0","0.0","0.0","0","0","0","0","0","0","0","0",".000","0.00","0.0%","0.0%","0.0%","0.0%","0.0%","0.0%","","","","","","","","","","","","","","","","","17948"
"Tyler Gilbert","ARI","8","0","0","0","0","0","0.0%","0.0%",".000",".000",".000",".000",".000",".000","","","0.0","0.0","0.0","0.0","0","0","0","0","0","0","0","0",".000","0.00","0.0%","0.0%","0.0%","0.0%","0.0%","0.0%","","","","","","","","","","","","","","","","","17964"
"Brock Burke","TEX","52","0","0","0","0","0","0.0%","0.0%",".000",".000",".000",".000",".000",".000","","","0.0","0.0","0.0","0.0","0","0","0","0","0","0","0","0",".000","0.00","0.0%","0.0%","0.0%","0.0%","0.0%","0.0%","","","","","","","","","","","","","","","","","17968"
"Scott Kingery","PHI","1","0","0","0","0","0","0.0%","0.0%",".000",".000",".000",".000",".000",".000","","","0.0","0.0","0.0","0.0","0","0","0","0","0","0","0","0",".000","0.00","0.0%","0.0%","0.0%","0.0%","0.0%","0.0%","","","","","","","","","","","","","","","","","17975"
"Logan Webb","SFG","32","0","0","0","0","0","0.0%","0.0%",".000",".000",".000",".000",".000",".000","","","0.0","0.0","0.0","0.0","0","0","0","0","0","0","0","0",".000","0.00","0.0%","0.0%","0.0%","0.0%","0.0%","0.0%","","","","","","","","","","","","","","","","","17995"
"Pete Fairbanks","TBR","24","0","0","0","0","0","0.0%","0.0%",".000",".000",".000",".000",".000",".000","","","0.0","0.0","0.0","0.0","0","0","0","0","0","0","0","0",".000","0.00","0.0%","0.0%","0.0%","0.0%","0.0%","0.0%","","","","","","","","","","","","","","","","","17998"
"Triston McKenzie","CLE","31","0","0","0","0","0","0.0%","0.0%",".000",".000",".000",".000",".000",".000","","","0.0","0.0","0.0","0.0","0","0","0","0","0","0","0","0",".000","0.00","0.0%","0.0%","0.0%","0.0%","0.0%","0.0%","","","","","","","","","","","","","","","","","18000"
"Phil Maton","HOU","67","0","0","0","0","0","0.0%","0.0%",".000",".000",".000",".000",".000",".000","","","0.0","0.0","0.0","0.0","0","0","0","0","0","0","0","0",".000","0.00","0.0%","0.0%","0.0%","0.0%","0.0%","0.0%","","","","","","","","","","","","","","","","","18064"
"Cody Stashak","MIN","11","0","0","0","0","0","0.0%","0.0%",".000",".000",".000",".000",".000",".000","","","0.0","0.0","0.0","0.0","0","0","0","0","0","0","0","0",".000","0.00","0.0%","0.0%","0.0%","0.0%","0.0%","0.0%","","","","","","","","","","","","","","","","","18088"
"Ka'ai Tom","SFG","1","1","0","0","0","0","0.0%","0.0%",".000",".000",".000",".000",".000",".000",".036","-100","0.0","-0.2","0.0","0.0","0","0","0","0","0","0","0","0",".000","0.00","0.0%","0.0%","100.0%","0.0%","0.0%","0.0%","0.0%","100.0%","33.3%","","100.0%","100.0%","33.3%","0.0%","100.0%","0.0%",".029","96.8","42.4","0.0%","96.8",".072","18136"
"Ryan Helsley","STL","54","0","0","0","0","0","0.0%","0.0%",".000",".000",".000",".000",".000",".000","","","0.0","0.0","0.0","0.0","0","0","0","0","0","0","0","0",".000","0.00","0.0%","0.0%","0.0%","0.0%","0.0%","0.0%","","","","","","","","","","","","","","","","","18138"
"Anthony Misiewicz","- - -","32","0","0","0","0","0","0.0%","0.0%",".000",".000",".000",".000",".000",".000","","","0.0","0.0","0.0","0.0","0","0","0","0","0","0","0","0",".000","0.00","0.0%","0.0%","0.0%","0.0%","0.0%","0.0%","","","","","","","","","","","","","","","","","18152"
"James Naile","STL","7","0","0","0","0","0","0.0%","0.0%",".000",".000",".000",".000",".000",".000","","","0.0","0.0","0.0","0.0","0","0","0","0","0","0","0","0",".000","0.00","0.0%","0.0%","0.0%","0.0%","0.0%","0.0%","","","","","","","","","","","","","","","","","18186"
"Art Warren","CIN","39","0","0","0","0","0","0.0%","0.0%",".000",".000",".000",".000",".000",".000","","","0.0","0.0","0.0","0.0","0","0","0","0","0","0","0","0",".000","0.00","0.0%","0.0%","0.0%","0.0%","0.0%","0.0%","","","","","","","","","","","","","","","","","18251"
"Jarlin Garcia","SFG","58","0","0","0","0","0","0.0%","0.0%",".000",".000",".000",".000",".000",".000","","","0.0","0.0","0.0","0.0","0","0","0","0","0","0","0","0",".000","0.00","0.0%","0.0%","0.0%","0.0%","0.0%","0.0%","","","","","","","","","","","","","","","","","18282"
"Tyler Kinley","COL","25","0","0","0","0","0","0.0%","0.0%",".000",".000",".000",".000",".000",".000","","","0.0","0.0","0.0","0.0","0","0","0","0","0","0","0","0",".000","0.00","0.0%","0.0%","0.0%","0.0%","0.0%","0.0%","","","","","","","","","","","","","","","","","18297"
"Josh Sborz","TEX","19","0","0","0","0","0","0.0%","0.0%",".000",".000",".000",".000",".000",".000","","","0.0","0.0","0.0","0.0","0","0","0","0","0","0","0","0",".000","0.00","0.0%","0.0%","0.0%","0.0%","0.0%","0.0%","","","","","","","","","","","","","","","","","18323"
"Taylor Hearn","TEX","31","0","0","0","0","0","0.0%","0.0%",".000",".000",".000",".000",".000",".000","","","0.0","0.0","0.0","0.0","0","0","0","0","0","0","0","0",".000","0.00","0.0%","0.0%","0.0%","0.0%","0.0%","0.0%","","","","","","","","","","","","","","","","","18325"
"James Kaprielian","OAK","27","0","0","0","0","0","0.0%","0.0%",".000",".000",".000",".000",".000",".000","","","0.0","0.0","0.0","0.0","0","0","0","0","0","0","0","0",".000","0.00","0.0%","0.0%","0.0%","0.0%","0.0%","0.0%","","","","","","","","","","","","","","","","","18331"
"Alex Young","- - -","25","0","0","0","0","0","0.0%","0.0%",".000",".000",".000",".000",".000",".000","","","0.0","0.0","0.0","0.0","0","0","0","0","0","0","0","0",".000","0.00","0.0%","0.0%","0.0%","0.0%","0.0%","0.0%","","","","","","","","","","","","","","","","","18333"
"Josh Staumont","KCR","42","0","0","0","0","0","0.0%","0.0%",".000",".000",".000",".000",".000",".000","","","0.0","0.0","0.0","0.0","0","0","0","0","0","0","0","0",".000","0.00","0.0%","0.0%","0.0%","0.0%","0.0%","0.0%","","","","","","","","","","","","","","","","","18335"
"Jaime Barria","LAA","35","0","0","0","0","0","0.0%","0.0%",".000",".000",".000",".000",".000",".000","","","0.0","0.0","0.0","0.0","0","0","0","0","0","0","0","0",".000","0.00","0.0%","0.0%","0.0%","0.0%","0.0%","0.0%","","","","","","","","","","","","","","","","","18356"
"Connor Overton","CIN","6","0","0","0","0","0","0.0%","0.0%",".000",".000",".000",".000",".000",".000","","","0.0","0.0","0.0","0.0","0","0","0","0","0","0","0","0",".000","0.00","0.0%","0.0%","0.0%","0.0%","0.0%","0.0%","","","","","","","","","","","","","","","","","18376"
"Scott Effross","- - -","60","0","0","0","0","0","0.0%","0.0%",".000",".000",".000",".000",".000",".000","","","0.0","0.0","0.0","0.0","0","0","0","0","0","0","0","0",".000","0.00","0.0%","0.0%","0.0%","0.0%","0.0%","0.0%","","","","","","","","","","","","","","","","","18384"
"Travis Blankenhorn","NYM","1","3","0","0","0","0","0.0%","33.3%",".000",".000",".000",".000",".000",".000",".037","-100","0.0","-0.7","-0.1","-0.1","0","0","0","0","0","1","0","0",".000","1.00","0.0%","50.0%","50.0%","0.0%","0.0%","0.0%","33.3%","80.0%","69.2%","0.0%","100.0%","88.9%","76.9%","7.7%","0.0%","15.4%",".035","86.2","3.8","0.0%","88.5",".050","18395"
"Enyel De Los Santos","CLE","50","0","0","0","0","0","0.0%","0.0%",".000",".000",".000",".000",".000",".000","","","0.0","0.0","0.0","0.0","0","0","0","0","0","0","0","0",".000","0.00","0.0%","0.0%","0.0%","0.0%","0.0%","0.0%","","","","","","","","","","","","","","","","","18403"
"Jose Urquidy","HOU","29","0","0","0","0","0","0.0%","0.0%",".000",".000",".000",".000",".000",".000","","","0.0","0.0","0.0","0.0","0","0","0","0","0","0","0","0",".000","0.00","0.0%","0.0%","0.0%","0.0%","0.0%","0.0%","","","","","","","","","","","","","","","","","18413"
"Tyler Cyr","- - -","12","0","0","0","0","0","0.0%","0.0%",".000",".000",".000",".000",".000",".000","","","0.0","0.0","0.0","0.0","0","0","0","0","0","0","0","0",".000","0.00","0.0%","0.0%","0.0%","0.0%","0.0%","0.0%","","","","","","","","","","","","","","","","","18421"
"Danny Young","- - -","3","0","0","0","0","0","0.0%","0.0%",".000",".000",".000",".000",".000",".000","","","0.0","0.0","0.0","0.0","0","0","0","0","0","0","0","0",".000","0.00","0.0%","0.0%","0.0%","0.0%","0.0%","0.0%","","","","","","","","","","","","","","","","","18439"
"Trevor Kelley","MIL","18","0","0","0","0","0","0.0%","0.0%",".000",".000",".000",".000",".000",".000","","","0.0","0.0","0.0","0.0","0","0","0","0","0","0","0","0",".000","0.00","0.0%","0.0%","0.0%","0.0%","0.0%","0.0%","","","","","","","","","","","","","","","","","18454"
"Junior Fernandez","- - -","16","0","0","0","0","0","0.0%","0.0%",".000",".000",".000",".000",".000",".000","","","0.0","0.0","0.0","0.0","0","0","0","0","0","0","0","0",".000","0.00","0.0%","0.0%","0.0%","0.0%","0.0%","0.0%","","","","","","","","","","","","","","","","","18496"
"Josh Rogers","WSN","16","0","0","0","0","0","0.0%","0.0%",".000",".000",".000",".000",".000",".000","","","0.0","0.0","0.0","0.0","0","0","0","0","0","0","0","0",".000","0.00","0.0%","0.0%","0.0%","0.0%","0.0%","0.0%","","","","","","","","","","","","","","","","","18510"
"Phil Bickford","LAD","60","0","0","0","0","0","0.0%","0.0%",".000",".000",".000",".000",".000",".000","","","0.0","0.0","0.0","0.0","0","0","0","0","0","0","0","0",".000","0.00","0.0%","0.0%","0.0%","0.0%","0.0%","0.0%","","","","","","","","","","","","","","","","","18519"
"Dylan Cease","CHW","32","0","0","0","0","0","0.0%","0.0%",".000",".000",".000",".000",".000",".000","","","0.0","0.0","0.0","0.0","0","0","0","0","0","0","0","0",".000","0.00","0.0%","0.0%","0.0%","0.0%","0.0%","0.0%","","","","","","","","","","","","","","","","","18525"
"Sam Hentges","CLE","57","0","0","0","0","0","0.0%","0.0%",".000",".000",".000",".000",".000",".000","","","0.0","0.0","0.0","0.0","0","0","0","0","0","0","0","0",".000","0.00","0.0%","0.0%","0.0%","0.0%","0.0%","0.0%","","","","","","","","","","","","","","","","","18548"
"Logan Allen","- - -","7","0","0","0","0","0","0.0%","0.0%",".000",".000",".000",".000",".000",".000","","","0.0","0.0","0.0","0.0","0","0","0","0","0","0","0","0",".000","0.00","0.0%","0.0%","0.0%","0.0%","0.0%","0.0%","","","","","","","","","","","","","","","","","18555"
"Anderson Espinoza","CHC","7","0","0","0","0","0","0.0%","0.0%",".000",".000",".000",".000",".000",".000","","","0.0","0.0","0.0","0.0","0","0","0","0","0","0","0","0",".000","0.00","0.0%","0.0%","0.0%","0.0%","0.0%","0.0%","","","","","","","","","","","","","","","","","18593"
"Travis Lakins Sr.","BAL","6","0","0","0","0","0","0.0%","0.0%",".000",".000",".000",".000",".000",".000","","","0.0","0.0","0.0","0.0","0","0","0","0","0","0","0","0",".000","0.00","0.0%","0.0%","0.0%","0.0%","0.0%","0.0%","","","","","","","","","","","","","","","","","18600"
"A.J. Minter","ATL","75","0","0","0","0","0","0.0%","0.0%",".000",".000",".000",".000",".000",".000","","","0.0","0.0","0.0","0.0","0","0","0","0","0","0","0","0",".000","0.00","0.0%","0.0%","0.0%","0.0%","0.0%","0.0%","","","","","","","","","","","","","","","","","18655"
"Jake Woodford","STL","27","0","0","0","0","0","0.0%","0.0%",".000",".000",".000",".000",".000",".000","","","0.0","0.0","0.0","0.0","0","0","0","0","0","0","0","0",".000","0.00","0.0%","0.0%","0.0%","0.0%","0.0%","0.0%","","","","","","","","","","","","","","","","","18674"
"Freddy Peralta","MIL","18","0","0","0","0","0","0.0%","0.0%",".000",".000",".000",".000",".000",".000","","","0.0","0.0","0.0","0.0","0","0","0","0","0","0","0","0",".000","0.00","0.0%","0.0%","0.0%","0.0%","0.0%","0.0%","","","","","","","","","","","","","","","","","18679"
"Sandy Alcantara","MIA","32","0","0","0","0","0","0.0%","0.0%",".000",".000",".000",".000",".000",".000","","","0.0","0.0","0.0","0.0","0","0","0","0","0","0","0","0",".000","0.00","0.0%","0.0%","0.0%","0.0%","0.0%","0.0%","","","","","","","","","","","","","","","","","18684"
"Kolby Allard","TEX","10","0","0","0","0","0","0.0%","0.0%",".000",".000",".000",".000",".000",".000","","","0.0","0.0","0.0","0.0","0","0","0","0","0","0","0","0",".000","0.00","0.0%","0.0%","0.0%","0.0%","0.0%","0.0%","","","","","","","","","","","","","","","","","18694"
"Nick Neidert","MIA","1","0","0","0","0","0","0.0%","0.0%",".000",".000",".000",".000",".000",".000","","","0.0","0.0","0.0","0.0","0","0","0","0","0","0","0","0",".000","0.00","0.0%","0.0%","0.0%","0.0%","0.0%","0.0%","","","","","","","","","","","","","","","","","18699"
"Cody Poteet","MIA","12","0","0","0","0","0","0.0%","0.0%",".000",".000",".000",".000",".000",".000","","","0.0","0.0","0.0","0.0","0","0","0","0","0","0","0","0",".000","0.00","0.0%","0.0%","0.0%","0.0%","0.0%","0.0%","","","","","","","","","","","","","","","","","18769"
"Dillon Peters","PIT","22","0","0","0","0","0","0.0%","0.0%",".000",".000",".000",".000",".000",".000","","","0.0","0.0","0.0","0.0","0","0","0","0","0","0","0","0",".000","0.00","0.0%","0.0%","0.0%","0.0%","0.0%","0.0%","","","","","","","","","","","","","","","","","18790"
"Drew Steckenrider","SEA","16","0","0","0","0","0","0.0%","0.0%",".000",".000",".000",".000",".000",".000","","","0.0","0.0","0.0","0.0","0","0","0","0","0","0","0","0",".000","0.00","0.0%","0.0%","0.0%","0.0%","0.0%","0.0%","","","","","","","","","","","","","","","","","18806"
"Miguel Diaz","DET","3","0","0","0","0","0","0.0%","0.0%",".000",".000",".000",".000",".000",".000","","","0.0","0.0","0.0","0.0","0","0","0","0","0","0","0","0",".000","0.00","0.0%","0.0%","0.0%","0.0%","0.0%","0.0%","","","","","","","","","","","","","","","","","18815"
"Pedro Avila","SDP","2","0","0","0","0","0","0.0%","0.0%",".000",".000",".000",".000",".000",".000","","","0.0","0.0","0.0","0.0","0","0","0","0","0","0","0","0",".000","0.00","0.0%","0.0%","0.0%","0.0%","0.0%","0.0%","","","","","","","","","","","","","","","","","18864"
"Yusniel Diaz","BAL","1","1","0","0","0","0","0.0%","100.0%",".000",".000",".000",".000",".000",".000",".000","-100","0.0","-0.2","0.0","0.0","0","0","0","0","0","1","0","0",".000","0.00","0.0%","0.0%","0.0%","0.0%","0.0%","0.0%","66.7%","0.0%","50.0%","50.0%","","50.0%","25.0%","25.0%","","50.0%","","","","","","","18905"
"Tommy Nance","MIA","35","0","0","0","0","0","0.0%","0.0%",".000",".000",".000",".000",".000",".000","","","0.0","0.0","0.0","0.0","0","0","0","0","0","0","0","0",".000","0.00","0.0%","0.0%","0.0%","0.0%","0.0%","0.0%","","","","","","","","","","","","","","","","","19178"
"Kirby Snead","OAK","46","0","0","0","0","0","0.0%","0.0%",".000",".000",".000",".000",".000",".000","","","0.0","0.0","0.0","0.0","0","0","0","0","0","0","0","0",".000","0.00","0.0%","0.0%","0.0%","0.0%","0.0%","0.0%","","","","","","","","","","","","","","","","","19179"
"Robert Dugger","- - -","4","0","0","0","0","0","0.0%","0.0%",".000",".000",".000",".000",".000",".000","","","0.0","0.0","0.0","0.0","0","0","0","0","0","0","0","0",".000","0.00","0.0%","0.0%","0.0%","0.0%","0.0%","0.0%","","","","","","","","","","","","","","","","","19191"
"Conner Menez","CHC","1","0","0","0","0","0","0.0%","0.0%",".000",".000",".000",".000",".000",".000","","","0.0","0.0","0.0","0.0","0","0","0","0","0","0","0","0",".000","0.00","0.0%","0.0%","0.0%","0.0%","0.0%","0.0%","","","","","","","","","","","","","","","","","19199"
"Jose Quijada","LAA","42","0","0","0","0","0","0.0%","0.0%",".000",".000",".000",".000",".000",".000","","","0.0","0.0","0.0","0.0","0","0","0","0","0","0","0","0",".000","0.00","0.0%","0.0%","0.0%","0.0%","0.0%","0.0%","","","","","","","","","","","","","","","","","19200"
"Dakota Hudson","STL","27","0","0","0","0","0","0.0%","0.0%",".000",".000",".000",".000",".000",".000","","","0.0","0.0","0.0","0.0","0","0","0","0","0","0","0","0",".000","0.00","0.0%","0.0%","0.0%","0.0%","0.0%","0.0%","","","","","","","","","","","","","","","","","19206"
"Mitch White","- - -","25","0","0","0","0","0","0.0%","0.0%",".000",".000",".000",".000",".000",".000","","","0.0","0.0","0.0","0.0","0","0","0","0","0","0","0","0",".000","0.00","0.0%","0.0%","0.0%","0.0%","0.0%","0.0%","","","","","","","","","","","","","","","","","19225"
"Cole Irvin","OAK","30","0","0","0","0","0","0.0%","0.0%",".000",".000",".000",".000",".000",".000","","","0.0","0.0","0.0","0.0","0","0","0","0","0","0","0","0",".000","0.00","0.0%","0.0%","0.0%","0.0%","0.0%","0.0%","","","","","","","","","","","","","","","","","19244"
"Seranthony Dominguez","PHI","54","0","0","0","0","0","0.0%","0.0%",".000",".000",".000",".000",".000",".000","","","0.0","0.0","0.0","0.0","0","0","0","0","0","0","0","0",".000","0.00","0.0%","0.0%","0.0%","0.0%","0.0%","0.0%","","","","","","","","","","","","","","","","","19249"
"Ian Hamilton","MIN","1","0","0","0","0","0","0.0%","0.0%",".000",".000",".000",".000",".000",".000","","","0.0","0.0","0.0","0.0","0","0","0","0","0","0","0","0",".000","0.00","0.0%","0.0%","0.0%","0.0%","0.0%","0.0%","","","","","","","","","","","","","","","","","19261"
"Thomas Hatch","TOR","1","0","0","0","0","0","0.0%","0.0%",".000",".000",".000",".000",".000",".000","","","0.0","0.0","0.0","0.0","0","0","0","0","0","0","0","0",".000","0.00","0.0%","0.0%","0.0%","0.0%","0.0%","0.0%","","","","","","","","","","","","","","","","","19264"
"Taylor Widener","ARI","14","0","0","0","0","0","0.0%","0.0%",".000",".000",".000",".000",".000",".000","","","0.0","0.0","0.0","0.0","0","0","0","0","0","0","0","0",".000","0.00","0.0%","0.0%","0.0%","0.0%","0.0%","0.0%","","","","","","","","","","","","","","","","","19266"
"Justin Dunn","CIN","7","0","0","0","0","0","0.0%","0.0%",".000",".000",".000",".000",".000",".000","","","0.0","0.0","0.0","0.0","0","0","0","0","0","0","0","0",".000","0.00","0.0%","0.0%","0.0%","0.0%","0.0%","0.0%","","","","","","","","","","","","","","","","","19268"
"T.J. Zeuch","CIN","3","0","0","0","0","0","0.0%","0.0%",".000",".000",".000",".000",".000",".000","","","0.0","0.0","0.0","0.0","0","0","0","0","0","0","0","0",".000","0.00","0.0%","0.0%","0.0%","0.0%","0.0%","0.0%","","","","","","","","","","","","","","","","","19269"
"Vladimir Gutierrez","CIN","10","0","0","0","0","0","0.0%","0.0%",".000",".000",".000",".000",".000",".000","","","0.0","0.0","0.0","0.0","0","0","0","0","0","0","0","0",".000","0.00","0.0%","0.0%","0.0%","0.0%","0.0%","0.0%","","","","","","","","","","","","","","","","","19278"
"Kyle Dowdy","CIN","2","0","0","0","0","0","0.0%","0.0%",".000",".000",".000",".000",".000",".000","","","0.0","0.0","0.0","0.0","0","0","0","0","0","0","0","0",".000","0.00","0.0%","0.0%","0.0%","0.0%","0.0%","0.0%","","","","","","","","","","","","","","","","","19285"
"Zac Gallen","ARI","31","0","0","0","0","0","0.0%","0.0%",".000",".000",".000",".000",".000",".000","","","0.0","0.0","0.0","0.0","0","0","0","0","0","0","0","0",".000","0.00","0.0%","0.0%","0.0%","0.0%","0.0%","0.0%","","","","","","","","","","","","","","","","","19291"
"Trevor Richards","TOR","62","0","0","0","0","0","0.0%","0.0%",".000",".000",".000",".000",".000",".000","","","0.0","0.0","0.0","0.0","0","0","0","0","0","0","0","0",".000","0.00","0.0%","0.0%","0.0%","0.0%","0.0%","0.0%","","","","","","","","","","","","","","","","","19309"
"Cal Quantrill","CLE","32","0","0","0","0","0","0.0%","0.0%",".000",".000",".000",".000",".000",".000","","","0.0","0.0","0.0","0.0","0","0","0","0","0","0","0","0",".000","0.00","0.0%","0.0%","0.0%","0.0%","0.0%","0.0%","","","","","","","","","","","","","","","","","19312"
"Eric Lauer","MIL","29","0","0","0","0","0","0.0%","0.0%",".000",".000",".000",".000",".000",".000","","","0.0","0.0","0.0","0.0","0","0","0","0","0","0","0","0",".000","0.00","0.0%","0.0%","0.0%","0.0%","0.0%","0.0%","","","","","","","","","","","","","","","","","19316"
"Matthew Festa","SEA","53","0","0","0","0","0","0.0%","0.0%",".000",".000",".000",".000",".000",".000","","","0.0","0.0","0.0","0.0","0","0","0","0","0","0","0","0",".000","0.00","0.0%","0.0%","0.0%","0.0%","0.0%","0.0%","","","","","","","","","","","","","","","","","19330"
"A.J. Puk","OAK","62","0","0","0","0","0","0.0%","0.0%",".000",".000",".000",".000",".000",".000","","","0.0","0.0","0.0","0.0","0","0","0","0","0","0","0","0",".000","0.00","0.0%","0.0%","0.0%","0.0%","0.0%","0.0%","","","","","","","","","","","","","","","","","19343"
"Daulton Jefferies","OAK","8","0","0","0","0","0","0.0%","0.0%",".000",".000",".000",".000",".000",".000","","","0.0","0.0","0.0","0.0","0","0","0","0","0","0","0","0",".000","0.00","0.0%","0.0%","0.0%","0.0%","0.0%","0.0%","","","","","","","","","","","","","","","","","19345"
"Caleb Ferguson","LAD","37","0","0","0","0","0","0.0%","0.0%",".000",".000",".000",".000",".000",".000","","","0.0","0.0","0.0","0.0","0","0","0","0","0","0","0","0",".000","0.00","0.0%","0.0%","0.0%","0.0%","0.0%","0.0%","","","","","","","","","","","","","","","","","19349"
"Dean Kremer","BAL","22","0","0","0","0","0","0.0%","0.0%",".000",".000",".000",".000",".000",".000","","","0.0","0.0","0.0","0.0","0","0","0","0","0","0","0","0",".000","0.00","0.0%","0.0%","0.0%","0.0%","0.0%","0.0%","","","","","","","","","","","","","","","","","19350"
"Cody Sedlock","BAL","1","0","0","0","0","0","0.0%","0.0%",".000",".000",".000",".000",".000",".000","","","0.0","0.0","0.0","0.0","0","0","0","0","0","0","0","0",".000","0.00","0.0%","0.0%","0.0%","0.0%","0.0%","0.0%","","","","","","","","","","","","","","","","","19357"
"Corbin Burnes","MIL","33","0","0","0","0","0","0.0%","0.0%",".000",".000",".000",".000",".000",".000","","","0.0","0.0","0.0","0.0","0","0","0","0","0","0","0","0",".000","0.00","0.0%","0.0%","0.0%","0.0%","0.0%","0.0%","","","","","","","","","","","","","","","","","19361"
"Keegan Akin","BAL","45","0","0","0","0","0","0.0%","0.0%",".000",".000",".000",".000",".000",".000","","","0.0","0.0","0.0","0.0","0","0","0","0","0","0","0","0",".000","0.00","0.0%","0.0%","0.0%","0.0%","0.0%","0.0%","","","","","","","","","","","","","","","","","19362"
"Walker Buehler","LAD","12","0","0","0","0","0","0.0%","0.0%",".000",".000",".000",".000",".000",".000","","","0.0","0.0","0.0","0.0","0","0","0","0","0","0","0","0",".000","0.00","0.0%","0.0%","0.0%","0.0%","0.0%","0.0%","","","","","","","","","","","","","","","","","19374"
"Tony Gonsolin","LAD","24","0","0","0","0","0","0.0%","0.0%",".000",".000",".000",".000",".000",".000","","","0.0","0.0","0.0","0.0","0","0","0","0","0","0","0","0",".000","0.00","0.0%","0.0%","0.0%","0.0%","0.0%","0.0%","","","","","","","","","","","","","","","","","19388"
"Colin Poche","TBR","65","0","0","0","0","0","0.0%","0.0%",".000",".000",".000",".000",".000",".000","","","0.0","0.0","0.0","0.0","0","0","0","0","0","0","0","0",".000","0.00","0.0%","0.0%","0.0%","0.0%","0.0%","0.0%","","","","","","","","","","","","","","","","","19403"
"Ronel Blanco","HOU","7","0","0","0","0","0","0.0%","0.0%",".000",".000",".000",".000",".000",".000","","","0.0","0.0","0.0","0.0","0","0","0","0","0","0","0","0",".000","0.00","0.0%","0.0%","0.0%","0.0%","0.0%","0.0%","","","","","","","","","","","","","","","","","19407"
"Dane Dunning","TEX","29","0","0","0","0","0","0.0%","0.0%",".000",".000",".000",".000",".000",".000","","","0.0","0.0","0.0","0.0","0","0","0","0","0","0","0","0",".000","0.00","0.0%","0.0%","0.0%","0.0%","0.0%","0.0%","","","","","","","","","","","","","","","","","19409"
"Shane Bieber","CLE","31","0","0","0","0","0","0.0%","0.0%",".000",".000",".000",".000",".000",".000","","","0.0","0.0","0.0","0.0","0","0","0","0","0","0","0","0",".000","0.00","0.0%","0.0%","0.0%","0.0%","0.0%","0.0%","","","","","","","","","","","","","","","","","19427"
"Yohan Ramirez","- - -","30","0","0","0","0","0","0.0%","0.0%",".000",".000",".000",".000",".000",".000","","","0.0","0.0","0.0","0.0","0","0","0","0","0","0","0","0",".000","0.00","0.0%","0.0%","0.0%","0.0%","0.0%","0.0%","","","","","","","","","","","","","","","","","19444"
"Patrick Sandoval","LAA","27","0","0","0","0","0","0.0%","0.0%",".000",".000",".000",".000",".000",".000","","","0.0","0.0","0.0","0.0","0","0","0","0","0","0","0","0",".000","0.00","0.0%","0.0%","0.0%","0.0%","0.0%","0.0%","","","","","","","","","","","","","","","","","19447"
"Shaun Anderson","TOR","1","0","0","0","0","0","0.0%","0.0%",".000",".000",".000",".000",".000",".000","","","0.0","0.0","0.0","0.0","0","0","0","0","0","0","0","0",".000","0.00","0.0%","0.0%","0.0%","0.0%","0.0%","0.0%","","","","","","","","","","","","","","","","","19453"
"Michael Rucker","CHC","41","0","0","0","0","0","0.0%","0.0%",".000",".000",".000",".000",".000",".000","","","0.0","0.0","0.0","0.0","0","0","0","0","0","0","0","0",".000","0.00","0.0%","0.0%","0.0%","0.0%","0.0%","0.0%","","","","","","","","","","","","","","","","","19454"
"Bryan Garcia","DET","4","0","0","0","0","0","0.0%","0.0%",".000",".000",".000",".000",".000",".000","","","0.0","0.0","0.0","0.0","0","0","0","0","0","0","0","0",".000","0.00","0.0%","0.0%","0.0%","0.0%","0.0%","0.0%","","","","","","","","","","","","","","","","","19457"
"Jorge Alcala","MIN","2","0","0","0","0","0","0.0%","0.0%",".000",".000",".000",".000",".000",".000","","","0.0","0.0","0.0","0.0","0","0","0","0","0","0","0","0",".000","0.00","0.0%","0.0%","0.0%","0.0%","0.0%","0.0%","","","","","","","","","","","","","","","","","19459"
"Aaron Civale","CLE","20","0","0","0","0","0","0.0%","0.0%",".000",".000",".000",".000",".000",".000","","","0.0","0.0","0.0","0.0","0","0","0","0","0","0","0","0",".000","0.00","0.0%","0.0%","0.0%","0.0%","0.0%","0.0%","","","","","","","","","","","","","","","","","19479"
"Andrew Vasquez","- - -","10","0","0","0","0","0","0.0%","0.0%",".000",".000",".000",".000",".000",".000","","","0.0","0.0","0.0","0.0","0","0","0","0","0","0","0","0",".000","0.00","0.0%","0.0%","0.0%","0.0%","0.0%","0.0%","","","","","","","","","","","","","","","","","19482"
"Devin Smeltzer","MIN","15","0","0","0","0","0","0.0%","0.0%",".000",".000",".000",".000",".000",".000","","","0.0","0.0","0.0","0.0","0","0","0","0","0","0","0","0",".000","0.00","0.0%","0.0%","0.0%","0.0%","0.0%","0.0%","","","","","","","","","","","","","","","","","19487"
"Zach Jackson","OAK","54","0","0","0","0","0","0.0%","0.0%",".000",".000",".000",".000",".000",".000","","","0.0","0.0","0.0","0.0","0","0","0","0","0","0","0","0",".000","0.00","0.0%","0.0%","0.0%","0.0%","0.0%","0.0%","","","","","","","","","","","","","","","","","19493"
"Raynel Espinal","CIN","2","0","0","0","0","0","0.0%","0.0%",".000",".000",".000",".000",".000",".000","","","0.0","0.0","0.0","0.0","0","0","0","0","0","0","0","0",".000","0.00","0.0%","0.0%","0.0%","0.0%","0.0%","0.0%","","","","","","","","","","","","","","","","","19516"
"Tanner Tully","CLE","3","0","0","0","0","0","0.0%","0.0%",".000",".000",".000",".000",".000",".000","","","0.0","0.0","0.0","0.0","0","0","0","0","0","0","0","0",".000","0.00","0.0%","0.0%","0.0%","0.0%","0.0%","0.0%","","","","","","","","","","","","","","","","","19518"
"Cam Vieaux","PIT","8","0","0","0","0","0","0.0%","0.0%",".000",".000",".000",".000",".000",".000","","","0.0","0.0","0.0","0.0","0","0","0","0","0","0","0","0",".000","0.00","0.0%","0.0%","0.0%","0.0%","0.0%","0.0%","","","","","","","","","","","","","","","","","19529"
"Jason Foley","DET","60","0","0","0","0","0","0.0%","0.0%",".000",".000",".000",".000",".000",".000","","","0.0","0.0","0.0","0.0","0","0","0","0","0","0","0","0",".000","0.00","0.0%","0.0%","0.0%","0.0%","0.0%","0.0%","","","","","","","","","","","","","","","","","19531"
"Taylor Jones","HOU","1","1","0","0","0","0","0.0%","0.0%",".000",".000",".000",".000",".000",".000",".093","-100","0.0","-0.2","0.0","0.0","0","0","0","0","0","0","0","0",".000","1.00","0.0%","100.0%","0.0%","0.0%","0.0%","0.0%","33.3%","100.0%","50.0%","50.0%","100.0%","75.0%","25.0%","12.5%","100.0%","25.0%",".100","97.8","-23.3","0.0%","97.8",".100","19533"
"Ryan Hendrix","CIN","9","0","0","0","0","0","0.0%","0.0%",".000",".000",".000",".000",".000",".000","","","0.0","0.0","0.0","0.0","0","0","0","0","0","0","0","0",".000","0.00","0.0%","0.0%","0.0%","0.0%","0.0%","0.0%","","","","","","","","","","","","","","","","","19535"
"Jimmy Lambert","CHW","42","0","0","0","0","0","0.0%","0.0%",".000",".000",".000",".000",".000",".000","","","0.0","0.0","0.0","0.0","0","0","0","0","0","0","0","0",".000","0.00","0.0%","0.0%","0.0%","0.0%","0.0%","0.0%","","","","","","","","","","","","","","","","","19541"
"Stephen Nogosek","NYM","12","0","0","0","0","0","0.0%","0.0%",".000",".000",".000",".000",".000",".000","","","0.0","0.0","0.0","0.0","0","0","0","0","0","0","0","0",".000","0.00","0.0%","0.0%","0.0%","0.0%","0.0%","0.0%","","","","","","","","","","","","","","","","","19545"
"David Bednar","PIT","45","0","0","0","0","0","0.0%","0.0%",".000",".000",".000",".000",".000",".000","","","0.0","0.0","0.0","0.0","0","0","0","0","0","0","0","0",".000","0.00","0.0%","0.0%","0.0%","0.0%","0.0%","0.0%","","","","","","","","","","","","","","","","","19569"
"JoJo Romero","- - -","17","0","0","0","0","0","0.0%","0.0%",".000",".000",".000",".000",".000",".000","","","0.0","0.0","0.0","0.0","0","0","0","0","0","0","0","0",".000","0.00","0.0%","0.0%","0.0%","0.0%","0.0%","0.0%","","","","","","","","","","","","","","","","","19574"
"Norge Ruiz","OAK","14","0","0","0","0","0","0.0%","0.0%",".000",".000",".000",".000",".000",".000","","","0.0","0.0","0.0","0.0","0","0","0","0","0","0","0","0",".000","0.00","0.0%","0.0%","0.0%","0.0%","0.0%","0.0%","","","","","","","","","","","","","","","","","19580"
"Sean Poppen","ARI","29","0","0","0","0","0","0.0%","0.0%",".000",".000",".000",".000",".000",".000","","","0.0","0.0","0.0","0.0","0","0","0","0","0","0","0","0",".000","0.00","0.0%","0.0%","0.0%","0.0%","0.0%","0.0%","","","","","","","","","","","","","","","","","19583"
"Luke Barker","MIL","3","0","0","0","0","0","0.0%","0.0%",".000",".000",".000",".000",".000",".000","","","0.0","0.0","0.0","0.0","0","0","0","0","0","0","0","0",".000","0.00","0.0%","0.0%","0.0%","0.0%","0.0%","0.0%","","","","","","","","","","","","","","","","","19609"
"Cionel Perez","BAL","66","0","0","0","0","0","0.0%","0.0%",".000",".000",".000",".000",".000",".000","","","0.0","0.0","0.0","0.0","0","0","0","0","0","0","0","0",".000","0.00","0.0%","0.0%","0.0%","0.0%","0.0%","0.0%","","","","","","","","","","","","","","","","","19614"
"Jordan Hicks","STL","35","0","0","0","0","0","0.0%","0.0%",".000",".000",".000",".000",".000",".000","","","0.0","0.0","0.0","0.0","0","0","0","0","0","0","0","0",".000","0.00","0.0%","0.0%","0.0%","0.0%","0.0%","0.0%","","","","","","","","","","","","","","","","","19618"
"Matt Foster","CHW","48","0","0","0","0","0","0.0%","0.0%",".000",".000",".000",".000",".000",".000","","","0.0","0.0","0.0","0.0","0","0","0","0","0","0","0","0",".000","0.00","0.0%","0.0%","0.0%","0.0%","0.0%","0.0%","","","","","","","","","","","","","","","","","19647"
"Kyle Wright","ATL","30","0","0","0","0","0","0.0%","0.0%",".000",".000",".000",".000",".000",".000","","","0.0","0.0","0.0","0.0","0","0","0","0","0","0","0","0",".000","0.00","0.0%","0.0%","0.0%","0.0%","0.0%","0.0%","","","","","","","","","","","","","","","","","19665"
"Jason Alexander","MIL","18","0","0","0","0","0","0.0%","0.0%",".000",".000",".000",".000",".000",".000","","","0.0","0.0","0.0","0.0","0","0","0","0","0","0","0","0",".000","0.00","0.0%","0.0%","0.0%","0.0%","0.0%","0.0%","","","","","","","","","","","","","","","","","19666"
"Gregory Soto","DET","64","0","0","0","0","0","0.0%","0.0%",".000",".000",".000",".000",".000",".000","","","0.0","0.0","0.0","0.0","0","0","0","0","0","0","0","0",".000","0.00","0.0%","0.0%","0.0%","0.0%","0.0%","0.0%","","","","","","","","","","","","","","","","","19677"
"Jordan Sheffield","COL","2","0","0","0","0","0","0.0%","0.0%",".000",".000",".000",".000",".000",".000","","","0.0","0.0","0.0","0.0","0","0","0","0","0","0","0","0",".000","0.00","0.0%","0.0%","0.0%","0.0%","0.0%","0.0%","","","","","","","","","","","","","","","","","19682"
"Connor Seabold","BOS","5","0","0","0","0","0","0.0%","0.0%",".000",".000",".000",".000",".000",".000","","","0.0","0.0","0.0","0.0","0","0","0","0","0","0","0","0",".000","0.00","0.0%","0.0%","0.0%","0.0%","0.0%","0.0%","","","","","","","","","","","","","","","","","19695"
"Matt Swarmer","CHC","11","0","0","0","0","0","0.0%","0.0%",".000",".000",".000",".000",".000",".000","","","0.0","0.0","0.0","0.0","0","0","0","0","0","0","0","0",".000","0.00","0.0%","0.0%","0.0%","0.0%","0.0%","0.0%","","","","","","","","","","","","","","","","","19705"
"Ronnie Dawson","CIN","1","3","0","0","0","0","0.0%","66.7%",".000",".000",".000",".000",".000",".000",".107","-100","0.0","-0.8","-0.1","-0.1","0","0","0","0","0","2","0","0",".000","1.00","0.0%","100.0%","0.0%","0.0%","0.0%","0.0%","54.5%","25.0%","46.7%","66.7%","100.0%","71.4%","26.7%","13.3%","100.0%","33.3%",".116","102.6","-3.2","0.0%","102.6",".123","19710"
"Patrick Murphy","WSN","6","0","0","0","0","0","0.0%","0.0%",".000",".000",".000",".000",".000",".000","","","0.0","0.0","0.0","0.0","0","0","0","0","0","0","0","0",".000","0.00","0.0%","0.0%","0.0%","0.0%","0.0%","0.0%","","","","","","","","","","","","","","","","","19712"
"Dustin May","LAD","6","0","0","0","0","0","0.0%","0.0%",".000",".000",".000",".000",".000",".000","","","0.0","0.0","0.0","0.0","0","0","0","0","0","0","0","0",".000","0.00","0.0%","0.0%","0.0%","0.0%","0.0%","0.0%","","","","","","","","","","","","","","","","","19716"
"Kodi Whitley","STL","14","0","0","0","0","0","0.0%","0.0%",".000",".000",".000",".000",".000",".000","","","0.0","0.0","0.0","0.0","0","0","0","0","0","0","0","0",".000","0.00","0.0%","0.0%","0.0%","0.0%","0.0%","0.0%","","","","","","","","","","","","","","","","","19731"
"Anthony Bender","MIA","22","0","0","0","0","0","0.0%","0.0%",".000",".000",".000",".000",".000",".000","","","0.0","0.0","0.0","0.0","0","0","0","0","0","0","0","0",".000","0.00","0.0%","0.0%","0.0%","0.0%","0.0%","0.0%","","","","","","","","","","","","","","","","","19742"
"Jonathan Loaisiga","NYY","50","0","0","0","0","0","0.0%","0.0%",".000",".000",".000",".000",".000",".000","","","0.0","0.0","0.0","0.0","0","0","0","0","0","0","0","0",".000","0.00","0.0%","0.0%","0.0%","0.0%","0.0%","0.0%","","","","","","","","","","","","","","","","","19753"
"Reiver Sanmartin","CIN","45","2","0","0","0","0","0.0%","50.0%",".000",".000",".000",".000",".000",".000",".050","-100","0.0","-0.5","0.3","0.0","0","0","0","0","0","1","0","0",".000","1.00","0.0%","100.0%","0.0%","0.0%","0.0%","0.0%","33.3%","50.0%","42.9%","0.0%","50.0%","33.3%","57.1%","28.6%","0.0%","57.1%",".051","74.5","-37.7","0.0%","74.5",".057","19754"
"Will Vest","DET","59","0","0","0","0","0","0.0%","0.0%",".000",".000",".000",".000",".000",".000","","","0.0","0.0","0.0","0.0","0","0","0","0","0","0","0","0",".000","0.00","0.0%","0.0%","0.0%","0.0%","0.0%","0.0%","","","","","","","","","","","","","","","","","19769"
"Jacob Lemoine","OAK","9","0","0","0","0","0","0.0%","0.0%",".000",".000",".000",".000",".000",".000","","","0.0","0.0","0.0","0.0","0","0","0","0","0","0","0","0",".000","0.00","0.0%","0.0%","0.0%","0.0%","0.0%","0.0%","","","","","","","","","","","","","","","","","19785"
"Anthony Castro","CLE","12","0","0","0","0","0","0.0%","0.0%",".000",".000",".000",".000",".000",".000","","","0.0","0.0","0.0","0.0","0","0","0","0","0","0","0","0",".000","0.00","0.0%","0.0%","0.0%","0.0%","0.0%","0.0%","","","","","","","","","","","","","","","","","19789"
"Keegan Thompson","CHC","29","0","0","0","0","0","0.0%","0.0%",".000",".000",".000",".000",".000",".000","","","0.0","0.0","0.0","0.0","0","0","0","0","0","0","0","0",".000","0.00","0.0%","0.0%","0.0%","0.0%","0.0%","0.0%","","","","","","","","","","","","","","","","","19795"
"Wil Crowe","PIT","60","0","0","0","0","0","0.0%","0.0%",".000",".000",".000",".000",".000",".000","","","0.0","0.0","0.0","0.0","0","0","0","0","0","0","0","0",".000","0.00","0.0%","0.0%","0.0%","0.0%","0.0%","0.0%","","","","","","","","","","","","","","","","","19800"
"Bryan Baker","BAL","66","0","0","0","0","0","0.0%","0.0%",".000",".000",".000",".000",".000",".000","","","0.0","0.0","0.0","0.0","0","0","0","0","0","0","0","0",".000","0.00","0.0%","0.0%","0.0%","0.0%","0.0%","0.0%","","","","","","","","","","","","","","","","","19804"
"Daniel Castano","MIA","10","0","0","0","0","0","0.0%","0.0%",".000",".000",".000",".000",".000",".000","","","0.0","0.0","0.0","0.0","0","0","0","0","0","0","0","0",".000","0.00","0.0%","0.0%","0.0%","0.0%","0.0%","0.0%","","","","","","","","","","","","","","","","","19805"
"David McKay","- - -","4","0","0","0","0","0","0.0%","0.0%",".000",".000",".000",".000",".000",".000","","","0.0","0.0","0.0","0.0","0","0","0","0","0","0","0","0",".000","0.00","0.0%","0.0%","0.0%","0.0%","0.0%","0.0%","","","","","","","","","","","","","","","","","19814"
"Alex Wells","BAL","2","0","0","0","0","0","0.0%","0.0%",".000",".000",".000",".000",".000",".000","","","0.0","0.0","0.0","0.0","0","0","0","0","0","0","0","0",".000","0.00","0.0%","0.0%","0.0%","0.0%","0.0%","0.0%","","","","","","","","","","","","","","","","","19845"
"Darwinzon Hernandez","BOS","7","0","0","0","0","0","0.0%","0.0%",".000",".000",".000",".000",".000",".000","","","0.0","0.0","0.0","0.0","0","0","0","0","0","0","0","0",".000","0.00","0.0%","0.0%","0.0%","0.0%","0.0%","0.0%","","","","","","","","","","","","","","","","","19848"
"Michael King","NYY","34","0","0","0","0","0","0.0%","0.0%",".000",".000",".000",".000",".000",".000","","","0.0","0.0","0.0","0.0","0","0","0","0","0","0","0","0",".000","0.00","0.0%","0.0%","0.0%","0.0%","0.0%","0.0%","","","","","","","","","","","","","","","","","19853"
"Brandon Bielak","HOU","5","0","0","0","0","0","0.0%","0.0%",".000",".000",".000",".000",".000",".000","","","0.0","0.0","0.0","0.0","0","0","0","0","0","0","0","0",".000","0.00","0.0%","0.0%","0.0%","0.0%","0.0%","0.0%","","","","","","","","","","","","","","","","","19866"
"Drew Carlton","DET","5","0","0","0","0","0","0.0%","0.0%",".000",".000",".000",".000",".000",".000","","","0.0","0.0","0.0","0.0","0","0","0","0","0","0","0","0",".000","0.00","0.0%","0.0%","0.0%","0.0%","0.0%","0.0%","","","","","","","","","","","","","","","","","19868"
"Tucker Davidson","- - -","12","0","0","0","0","0","0.0%","0.0%",".000",".000",".000",".000",".000",".000","","","0.0","0.0","0.0","0.0","0","0","0","0","0","0","0","0",".000","0.00","0.0%","0.0%","0.0%","0.0%","0.0%","0.0%","","","","","","","","","","","","","","","","","19871"
"Alex Faedo","DET","12","0","0","0","0","0","0.0%","0.0%",".000",".000",".000",".000",".000",".000","","","0.0","0.0","0.0","0.0","0","0","0","0","0","0","0","0",".000","0.00","0.0%","0.0%","0.0%","0.0%","0.0%","0.0%","","","","","","","","","","","","","","","","","19874"
"Kevin Ginkel","ARI","30","0","0","0","0","0","0.0%","0.0%",".000",".000",".000",".000",".000",".000","","","0.0","0.0","0.0","0.0","0","0","0","0","0","0","0","0",".000","0.00","0.0%","0.0%","0.0%","0.0%","0.0%","0.0%","","","","","","","","","","","","","","","","","19876"
"Tanner Houck","BOS","32","0","0","0","0","0","0.0%","0.0%",".000",".000",".000",".000",".000",".000","","","0.0","0.0","0.0","0.0","0","0","0","0","0","0","0","0",".000","0.00","0.0%","0.0%","0.0%","0.0%","0.0%","0.0%","","","","","","","","","","","","","","","","","19879"
"Alex Lange","DET","71","0","0","0","0","0","0.0%","0.0%",".000",".000",".000",".000",".000",".000","","","0.0","0.0","0.0","0.0","0","0","0","0","0","0","0","0",".000","0.00","0.0%","0.0%","0.0%","0.0%","0.0%","0.0%","","","","","","","","","","","","","","","","","19883"
"Corbin Martin","ARI","7","0","0","0","0","0","0.0%","0.0%",".000",".000",".000",".000",".000",".000","","","0.0","0.0","0.0","0.0","0","0","0","0","0","0","0","0",".000","0.00","0.0%","0.0%","0.0%","0.0%","0.0%","0.0%","","","","","","","","","","","","","","","","","19884"
"Clarke Schmidt","NYY","29","0","0","0","0","0","0.0%","0.0%",".000",".000",".000",".000",".000",".000","","","0.0","0.0","0.0","0.0","0","0","0","0","0","0","0","0",".000","0.00","0.0%","0.0%","0.0%","0.0%","0.0%","0.0%","","","","","","","","","","","","","","","","","19899"
"Adonis Medina","NYM","14","0","0","0","0","0","0.0%","0.0%",".000",".000",".000",".000",".000",".000","","","0.0","0.0","0.0","0.0","0","0","0","0","0","0","0","0",".000","0.00","0.0%","0.0%","0.0%","0.0%","0.0%","0.0%","","","","","","","","","","","","","","","","","19903"
"Jose Suarez","LAA","22","0","0","0","0","0","0.0%","0.0%",".000",".000",".000",".000",".000",".000","","","0.0","0.0","0.0","0.0","0","0","0","0","0","0","0","0",".000","0.00","0.0%","0.0%","0.0%","0.0%","0.0%","0.0%","","","","","","","","","","","","","","","","","19911"
"Tony Santillan","CIN","21","0","0","0","0","0","0.0%","0.0%",".000",".000",".000",".000",".000",".000","","","0.0","0.0","0.0","0.0","0","0","0","0","0","0","0","0",".000","0.00","0.0%","0.0%","0.0%","0.0%","0.0%","0.0%","","","","","","","","","","","","","","","","","19926"
"Trevor Stephan","CLE","66","0","0","0","0","0","0.0%","0.0%",".000",".000",".000",".000",".000",".000","","","0.0","0.0","0.0","0.0","0","0","0","0","0","0","0","0",".000","0.00","0.0%","0.0%","0.0%","0.0%","0.0%","0.0%","","","","","","","","","","","","","","","","","19932"
"Aaron Whitefield","LAA","5","11","0","0","0","0","0.0%","45.5%",".000",".000",".000",".000",".000",".000",".189","-100","-0.1","-2.8","0.7","-0.2","0","0","0","0","0","5","0","0",".000","4.00","33.3%","66.7%","0.0%","0.0%","0.0%","0.0%","30.0%","61.1%","41.7%","44.4%","63.6%","55.0%","37.5%","18.8%","50.0%","39.6%",".159","95.3","-1.8","16.7%","106.1",".285","19938"
"Jhon Romero","MIN","4","0","0","0","0","0","0.0%","0.0%",".000",".000",".000",".000",".000",".000","","","0.0","0.0","0.0","0.0","0","0","0","0","0","0","0","0",".000","0.00","0.0%","0.0%","0.0%","0.0%","0.0%","0.0%","","","","","","","","","","","","","","","","","19940"
"Ian Anderson","ATL","22","0","0","0","0","0","0.0%","0.0%",".000",".000",".000",".000",".000",".000","","","0.0","0.0","0.0","0.0","0","0","0","0","0","0","0","0",".000","0.00","0.0%","0.0%","0.0%","0.0%","0.0%","0.0%","","","","","","","","","","","","","","","","","19951"
"Jesus Luzardo","MIA","18","0","0","0","0","0","0.0%","0.0%",".000",".000",".000",".000",".000",".000","","","0.0","0.0","0.0","0.0","0","0","0","0","0","0","0","0",".000","0.00","0.0%","0.0%","0.0%","0.0%","0.0%","0.0%","","","","","","","","","","","","","","","","","19959"
"Joey Wentz","DET","7","0","0","0","0","0","0.0%","0.0%",".000",".000",".000",".000",".000",".000","","","0.0","0.0","0.0","0.0","0","0","0","0","0","0","0","0",".000","0.00","0.0%","0.0%","0.0%","0.0%","0.0%","0.0%","","","","","","","","","","","","","","","","","19962"
"Tyson Miller","TEX","4","0","0","0","0","0","0.0%","0.0%",".000",".000",".000",".000",".000",".000","","","0.0","0.0","0.0","0.0","0","0","0","0","0","0","0","0",".000","0.00","0.0%","0.0%","0.0%","0.0%","0.0%","0.0%","","","","","","","","","","","","","","","","","19976"
"Zach Plesac","CLE","25","0","0","0","0","0","0.0%","0.0%",".000",".000",".000",".000",".000",".000","","","0.0","0.0","0.0","0.0","0","0","0","0","0","0","0","0",".000","0.00","0.0%","0.0%","0.0%","0.0%","0.0%","0.0%","","","","","","","","","","","","","","","","","19979"
"Bryse Wilson","PIT","25","0","0","0","0","0","0.0%","0.0%",".000",".000",".000",".000",".000",".000","","","0.0","0.0","0.0","0.0","0","0","0","0","0","0","0","0",".000","0.00","0.0%","0.0%","0.0%","0.0%","0.0%","0.0%","","","","","","","","","","","","","","","","","19990"
"Joel Kuhnel","CIN","53","0","0","0","0","0","0.0%","0.0%",".000",".000",".000",".000",".000",".000","","","0.0","0.0","0.0","0.0","0","0","0","0","0","0","0","0",".000","0.00","0.0%","0.0%","0.0%","0.0%","0.0%","0.0%","","","","","","","","","","","","","","","","","19995"
"Dylan Lee","ATL","46","0","0","0","0","0","0.0%","0.0%",".000",".000",".000",".000",".000",".000","","","0.0","0.0","0.0","0.0","0","0","0","0","0","0","0","0",".000","0.00","0.0%","0.0%","0.0%","0.0%","0.0%","0.0%","","","","","","","","","","","","","","","","","19996"
"Tyler Wells","BAL","23","0","0","0","0","0","0.0%","0.0%",".000",".000",".000",".000",".000",".000","","","0.0","0.0","0.0","0.0","0","0","0","0","0","0","0","0",".000","0.00","0.0%","0.0%","0.0%","0.0%","0.0%","0.0%","","","","","","","","","","","","","","","","","20000"
"Kenny Rosenberg","LAA","3","0","0","0","0","0","0.0%","0.0%",".000",".000",".000",".000",".000",".000","","","0.0","0.0","0.0","0.0","0","0","0","0","0","0","0","0",".000","0.00","0.0%","0.0%","0.0%","0.0%","0.0%","0.0%","","","","","","","","","","","","","","","","","20009"
"Wyatt Mills","- - -","27","0","0","0","0","0","0.0%","0.0%",".000",".000",".000",".000",".000",".000","","","0.0","0.0","0.0","0.0","0","0","0","0","0","0","0","0",".000","0.00","0.0%","0.0%","0.0%","0.0%","0.0%","0.0%","","","","","","","","","","","","","","","","","20010"
"John Schreiber","BOS","64","0","0","0","0","0","0.0%","0.0%",".000",".000",".000",".000",".000",".000","","","0.0","0.0","0.0","0.0","0","0","0","0","0","0","0","0",".000","0.00","0.0%","0.0%","0.0%","0.0%","0.0%","0.0%","","","","","","","","","","","","","","","","","20020"
"Kramer Robertson","STL","2","1","0","0","1","0","0.0%","0.0%",".000",".000",".000",".000",".000",".000",".194","-100","0.0","-0.2","-0.6","-0.1","0","0","0","0","0","0","0","0",".000","1.00","0.0%","100.0%","0.0%","0.0%","0.0%","0.0%","33.3%","0.0%","25.0%","100.0%","","100.0%","25.0%","0.0%","0.0%","25.0%",".177","65.1","2.2","0.0%","65.1",".232","20022"
"Rico Garcia","BAL","6","0","0","0","0","0","0.0%","0.0%",".000",".000",".000",".000",".000",".000","","","0.0","0.0","0.0","0.0","0","0","0","0","0","0","0","0",".000","0.00","0.0%","0.0%","0.0%","0.0%","0.0%","0.0%","","","","","","","","","","","","","","","","","20023"
"Phillip Diehl","CIN","5","0","0","0","0","0","0.0%","0.0%",".000",".000",".000",".000",".000",".000","","","0.0","0.0","0.0","0.0","0","0","0","0","0","0","0","0",".000","0.00","0.0%","0.0%","0.0%","0.0%","0.0%","0.0%","","","","","","","","","","","","","","","","","20030"
"Adrian Morejon","SDP","26","0","0","0","0","0","0.0%","0.0%",".000",".000",".000",".000",".000",".000","","","0.0","0.0","0.0","0.0","0","0","0","0","0","0","0","0",".000","0.00","0.0%","0.0%","0.0%","0.0%","0.0%","0.0%","","","","","","","","","","","","","","","","","20039"
"Ronald Bolanos","KCR","8","0","0","0","0","0","0.0%","0.0%",".000",".000",".000",".000",".000",".000","","","0.0","0.0","0.0","0.0","0","0","0","0","0","0","0","0",".000","0.00","0.0%","0.0%","0.0%","0.0%","0.0%","0.0%","","","","","","","","","","","","","","","","","20041"
"Jesus Cruz","ATL","7","0","0","0","0","0","0.0%","0.0%",".000",".000",".000",".000",".000",".000","","","0.0","0.0","0.0","0.0","0","0","0","0","0","0","0","0",".000","0.00","0.0%","0.0%","0.0%","0.0%","0.0%","0.0%","","","","","","","","","","","","","","","","","20042"
"Jake Fishman","MIA","7","0","0","0","0","0","0.0%","0.0%",".000",".000",".000",".000",".000",".000","","","0.0","0.0","0.0","0.0","0","0","0","0","0","0","0","0",".000","0.00","0.0%","0.0%","0.0%","0.0%","0.0%","0.0%","","","","","","","","","","","","","","","","","20060"
"Kaleb Ort","BOS","25","0","0","0","0","0","0.0%","0.0%",".000",".000",".000",".000",".000",".000","","","0.0","0.0","0.0","0.0","0","0","0","0","0","0","0","0",".000","0.00","0.0%","0.0%","0.0%","0.0%","0.0%","0.0%","","","","","","","","","","","","","","","","","20061"
"Bailey Falter","PHI","20","0","0","0","0","0","0.0%","0.0%",".000",".000",".000",".000",".000",".000","","","0.0","0.0","0.0","0.0","0","0","0","0","0","0","0","0",".000","0.00","0.0%","0.0%","0.0%","0.0%","0.0%","0.0%","","","","","","","","","","","","","","","","","20070"
"Miguel Sanchez","MIL","12","0","0","0","0","0","0.0%","0.0%",".000",".000",".000",".000",".000",".000","","","0.0","0.0","0.0","0.0","0","0","0","0","0","0","0","0",".000","0.00","0.0%","0.0%","0.0%","0.0%","0.0%","0.0%","","","","","","","","","","","","","","","","","20074"
"Mauricio Llovera","SFG","17","0","0","0","0","0","0.0%","0.0%",".000",".000",".000",".000",".000",".000","","","0.0","0.0","-0.1","0.0","0","0","0","0","0","0","0","0",".000","0.00","0.0%","0.0%","0.0%","0.0%","0.0%","0.0%","","","","","","","","","","","","","","","","","20080"
"Chris Paddack","MIN","5","0","0","0","0","0","0.0%","0.0%",".000",".000",".000",".000",".000",".000","","","0.0","0.0","0.0","0.0","0","0","0","0","0","0","0","0",".000","0.00","0.0%","0.0%","0.0%","0.0%","0.0%","0.0%","","","","","","","","","","","","","","","","","20099"
"Michel Baez","SDP","2","0","0","0","0","0","0.0%","0.0%",".000",".000",".000",".000",".000",".000","","","0.0","0.0","0.0","0.0","0","0","0","0","0","0","0","0",".000","0.00","0.0%","0.0%","0.0%","0.0%","0.0%","0.0%","","","","","","","","","","","","","","","","","20100"
"Calvin Faucher","TBR","22","0","0","0","0","0","0.0%","0.0%",".000",".000",".000",".000",".000",".000","","","0.0","0.0","0.0","0.0","0","0","0","0","0","0","0","0",".000","0.00","0.0%","0.0%","0.0%","0.0%","0.0%","0.0%","","","","","","","","","","","","","","","","","20116"
"Adam Oller","OAK","19","0","0","0","0","0","0.0%","0.0%",".000",".000",".000",".000",".000",".000","","","0.0","0.0","0.0","0.0","0","0","0","0","0","0","0","0",".000","0.00","0.0%","0.0%","0.0%","0.0%","0.0%","0.0%","","","","","","","","","","","","","","","","","20132"
"James Karinchak","CLE","38","0","0","0","0","0","0.0%","0.0%",".000",".000",".000",".000",".000",".000","","","0.0","0.0","0.0","0.0","0","0","0","0","0","0","0","0",".000","0.00","0.0%","0.0%","0.0%","0.0%","0.0%","0.0%","","","","","","","","","","","","","","","","","20151"
"Nick Nelson","PHI","47","0","0","0","0","0","0.0%","0.0%",".000",".000",".000",".000",".000",".000","","","0.0","0.0","0.0","0.0","0","0","0","0","0","0","0","0",".000","0.00","0.0%","0.0%","0.0%","0.0%","0.0%","0.0%","","","","","","","","","","","","","","","","","20153"
"Kyle Muller","ATL","3","0","0","0","0","0","0.0%","0.0%",".000",".000",".000",".000",".000",".000","","","0.0","0.0","0.0","0.0","0","0","0","0","0","0","0","0",".000","0.00","0.0%","0.0%","0.0%","0.0%","0.0%","0.0%","","","","","","","","","","","","","","","","","20167"
"Zach Pop","- - -","36","0","0","0","0","0","0.0%","0.0%",".000",".000",".000",".000",".000",".000","","","0.0","0.0","0.0","0.0","0","0","0","0","0","0","0","0",".000","0.00","0.0%","0.0%","0.0%","0.0%","0.0%","0.0%","","","","","","","","","","","","","","","","","20185"
"Chad Smith","COL","15","0","0","0","0","0","0.0%","0.0%",".000",".000",".000",".000",".000",".000","","","0.0","0.0","0.0","0.0","0","0","0","0","0","0","0","0",".000","0.00","0.0%","0.0%","0.0%","0.0%","0.0%","0.0%","","","","","","","","","","","","","","","","","20190"
"Garrett Whitlock","BOS","31","0","0","0","0","0","0.0%","0.0%",".000",".000",".000",".000",".000",".000","","","0.0","0.0","0.0","0.0","0","0","0","0","0","0","0","0",".000","0.00","0.0%","0.0%","0.0%","0.0%","0.0%","0.0%","","","","","","","","","","","","","","","","","20191"
"Eli Morgan","CLE","50","0","0","0","0","0","0.0%","0.0%",".000",".000",".000",".000",".000",".000","","","0.0","0.0","0.0","0.0","0","0","0","0","0","0","0","0",".000","0.00","0.0%","0.0%","0.0%","0.0%","0.0%","0.0%","","","","","","","","","","","","","","","","","20203"
"Jeremy Beasley","TOR","9","0","0","0","0","0","0.0%","0.0%",".000",".000",".000",".000",".000",".000","","","0.0","0.0","0.0","0.0","0","0","0","0","0","0","0","0",".000","0.00","0.0%","0.0%","0.0%","0.0%","0.0%","0.0%","","","","","","","","","","","","","","","","","20205"
"Mike Baumann","BAL","13","0","0","0","0","0","0.0%","0.0%",".000",".000",".000",".000",".000",".000","","","0.0","0.0","0.0","0.0","0","0","0","0","0","0","0","0",".000","0.00","0.0%","0.0%","0.0%","0.0%","0.0%","0.0%","","","","","","","","","","","","","","","","","20206"
"Jake Walsh","STL","3","0","0","0","0","0","0.0%","0.0%",".000",".000",".000",".000",".000",".000","","","0.0","0.0","0.0","0.0","0","0","0","0","0","0","0","0",".000","0.00","0.0%","0.0%","0.0%","0.0%","0.0%","0.0%","","","","","","","","","","","","","","","","","20227"
"Zach Logue","OAK","14","0","0","0","0","0","0.0%","0.0%",".000",".000",".000",".000",".000",".000","","","0.0","0.0","0.0","0.0","0","0","0","0","0","0","0","0",".000","0.00","0.0%","0.0%","0.0%","0.0%","0.0%","0.0%","","","","","","","","","","","","","","","","","20231"
"Zac Lowther","BAL","1","0","0","0","0","0","0.0%","0.0%",".000",".000",".000",".000",".000",".000","","","0.0","0.0","0.0","0.0","0","0","0","0","0","0","0","0",".000","0.00","0.0%","0.0%","0.0%","0.0%","0.0%","0.0%","","","","","","","","","","","","","","","","","20243"
"Griffin Jax","MIN","65","0","0","0","0","0","0.0%","0.0%",".000",".000",".000",".000",".000",".000","","","0.0","0.0","0.0","0.0","0","0","0","0","0","0","0","0",".000","0.00","0.0%","0.0%","0.0%","0.0%","0.0%","0.0%","","","","","","","","","","","","","","","","","20253"
"Cory Abbott","WSN","16","0","0","0","0","0","0.0%","0.0%",".000",".000",".000",".000",".000",".000","","","0.0","0.0","0.0","0.0","0","0","0","0","0","0","0","0",".000","0.00","0.0%","0.0%","0.0%","0.0%","0.0%","0.0%","","","","","","","","","","","","","","","","","20277"
"Jhonathan Diaz","LAA","4","0","0","0","0","0","0.0%","0.0%",".000",".000",".000",".000",".000",".000","","","0.0","0.0","0.0","0.0","0","0","0","0","0","0","0","0",".000","0.00","0.0%","0.0%","0.0%","0.0%","0.0%","0.0%","","","","","","","","","","","","","","","","","20298"
"David Peterson","NYM","28","0","0","0","0","0","0.0%","0.0%",".000",".000",".000",".000",".000",".000","","","0.0","0.0","0.0","0.0","0","0","0","0","0","0","0","0",".000","0.00","0.0%","0.0%","0.0%","0.0%","0.0%","0.0%","","","","","","","","","","","","","","","","","20302"
"Erich Uelmen","CHC","25","0","0","0","0","0","0.0%","0.0%",".000",".000",".000",".000",".000",".000","","","0.0","0.0","0.0","0.0","0","0","0","0","0","0","0","0",".000","0.00","0.0%","0.0%","0.0%","0.0%","0.0%","0.0%","","","","","","","","","","","","","","","","","20323"
"Matt Peacock","- - -","9","0","0","0","0","0","0.0%","0.0%",".000",".000",".000",".000",".000",".000","","","0.0","0.0","0.0","0.0","0","0","0","0","0","0","0","0",".000","0.00","0.0%","0.0%","0.0%","0.0%","0.0%","0.0%","","","","","","","","","","","","","","","","","20339"
"Riley O'Brien","SEA","1","0","0","0","0","0","0.0%","0.0%",".000",".000",".000",".000",".000",".000","","","0.0","0.0","0.0","0.0","0","0","0","0","0","0","0","0",".000","0.00","0.0%","0.0%","0.0%","0.0%","0.0%","0.0%","","","","","","","","","","","","","","","","","20348"
"Zack Kelly","BOS","13","0","0","0","0","0","0.0%","0.0%",".000",".000",".000",".000",".000",".000","","","0.0","0.0","0.0","0.0","0","0","0","0","0","0","0","0",".000","0.00","0.0%","0.0%","0.0%","0.0%","0.0%","0.0%","","","","","","","","","","","","","","","","","20349"
"Steven Wilson","SDP","50","0","0","0","0","0","0.0%","0.0%",".000",".000",".000",".000",".000",".000","","","0.0","0.0","0.0","0.0","0","0","0","0","0","0","0","0",".000","0.00","0.0%","0.0%","0.0%","0.0%","0.0%","0.0%","","","","","","","","","","","","","","","","","20353"
"Brusdar Graterol","LAD","46","0","0","0","0","0","0.0%","0.0%",".000",".000",".000",".000",".000",".000","","","0.0","0.0","0.0","0.0","0","0","0","0","0","0","0","0",".000","0.00","0.0%","0.0%","0.0%","0.0%","0.0%","0.0%","","","","","","","","","","","","","","","","","20367"
"Matt Manning","DET","13","0","0","0","0","0","0.0%","0.0%",".000",".000",".000",".000",".000",".000","","","0.0","0.0","0.0","0.0","0","0","0","0","0","0","0","0",".000","0.00","0.0%","0.0%","0.0%","0.0%","0.0%","0.0%","","","","","","","","","","","","","","","","","20369"
"Bruce Zimmermann","BAL","15","0","0","0","0","0","0.0%","0.0%",".000",".000",".000",".000",".000",".000","","","0.0","0.0","0.0","0.0","0","0","0","0","0","0","0","0",".000","0.00","0.0%","0.0%","0.0%","0.0%","0.0%","0.0%","","","","","","","","","","","","","","","","","20370"
"Andres Munoz","SEA","64","0","0","0","0","0","0.0%","0.0%",".000",".000",".000",".000",".000",".000","","","0.0","0.0","0.0","0.0","0","0","0","0","0","0","0","0",".000","0.00","0.0%","0.0%","0.0%","0.0%","0.0%","0.0%","","","","","","","","","","","","","","","","","20373"
"Greg Weissert","NYY","12","0","0","0","0","0","0.0%","0.0%",".000",".000",".000",".000",".000",".000","","","0.0","0.0","0.0","0.0","0","0","0","0","0","0","0","0",".000","0.00","0.0%","0.0%","0.0%","0.0%","0.0%","0.0%","","","","","","","","","","","","","","","","","20375"
"Anthony Kay","TOR","1","0","0","0","0","0","0.0%","0.0%",".000",".000",".000",".000",".000",".000","","","0.0","0.0","0.0","0.0","0","0","0","0","0","0","0","0",".000","0.00","0.0%","0.0%","0.0%","0.0%","0.0%","0.0%","","","","","","","","","","","","","","","","","20387"
"Josh Fleming","TBR","10","0","0","0","0","0","0.0%","0.0%",".000",".000",".000",".000",".000",".000","","","0.0","0.0","0.0","0.0","0","0","0","0","0","0","0","0",".000","0.00","0.0%","0.0%","0.0%","0.0%","0.0%","0.0%","","","","","","","","","","","","","","","","","20418"
"Jovani Moran","MIN","31","0","0","0","0","0","0.0%","0.0%",".000",".000",".000",".000",".000",".000","","","0.0","0.0","0.0","0.0","0","0","0","0","0","0","0","0",".000","0.00","0.0%","0.0%","0.0%","0.0%","0.0%","0.0%","","","","","","","","","","","","","","","","","20422"
"Rony Garcia","DET","16","0","0","0","0","0","0.0%","0.0%",".000",".000",".000",".000",".000",".000","","","0.0","0.0","0.0","0.0","0","0","0","0","0","0","0","0",".000","0.00","0.0%","0.0%","0.0%","0.0%","0.0%","0.0%","","","","","","","","","","","","","","","","","20430"
"Enoli Paredes","HOU","3","0","0","0","0","0","0.0%","0.0%",".000",".000",".000",".000",".000",".000","","","0.0","0.0","0.0","0.0","0","0","0","0","0","0","0","0",".000","0.00","0.0%","0.0%","0.0%","0.0%","0.0%","0.0%","","","","","","","","","","","","","","","","","20447"
"Brewer Hicklen","KCR","6","4","0","1","0","0","0.0%","100.0%",".000",".000",".000",".000",".000",".000",".000","-100","-0.1","-1.1","-0.1","-0.1","0","0","0","0","0","4","0","0",".000","0.00","0.0%","0.0%","0.0%","0.0%","0.0%","0.0%","45.5%","33.3%","41.2%","20.0%","50.0%","28.6%","35.3%","29.4%","","58.8%","","","","","","","20450"
"Huascar Ynoa","ATL","2","0","0","0","0","0","0.0%","0.0%",".000",".000",".000",".000",".000",".000","","","0.0","0.0","0.0","0.0","0","0","0","0","0","0","0","0",".000","0.00","0.0%","0.0%","0.0%","0.0%","0.0%","0.0%","","","","","","","","","","","","","","","","","20468"
"Casey Mize","DET","2","0","0","0","0","0","0.0%","0.0%",".000",".000",".000",".000",".000",".000","","","0.0","0.0","0.0","0.0","0","0","0","0","0","0","0","0",".000","0.00","0.0%","0.0%","0.0%","0.0%","0.0%","0.0%","","","","","","","","","","","","","","","","","20492"
"Jack Larsen","SEA","1","1","0","0","0","0","0.0%","100.0%",".000",".000",".000",".000",".000",".000",".000","-100","0.0","-0.2","0.0","0.0","0","0","0","0","0","1","0","0",".000","0.00","0.0%","0.0%","0.0%","0.0%","0.0%","0.0%","50.0%","66.7%","60.0%","0.0%","100.0%","66.7%","60.0%","20.0%","","40.0%","","","","","","","20510"
"Kyle Nelson","ARI","43","0","0","0","0","0","0.0%","0.0%",".000",".000",".000",".000",".000",".000","","","0.0","0.0","-0.1","0.0","0","0","0","0","0","0","0","0",".000","0.00","0.0%","0.0%","0.0%","0.0%","0.0%","0.0%","","","","","","","","","","","","","","","","","20515"
"Nick Sandlin","CLE","46","0","0","0","0","0","0.0%","0.0%",".000",".000",".000",".000",".000",".000","","","0.0","0.0","0.0","0.0","0","0","0","0","0","0","0","0",".000","0.00","0.0%","0.0%","0.0%","0.0%","0.0%","0.0%","","","","","","","","","","","","","","","","","20517"
"Denyi Reyes","BAL","3","0","0","0","0","0","0.0%","0.0%",".000",".000",".000",".000",".000",".000","","","0.0","0.0","0.0","0.0","0","0","0","0","0","0","0","0",".000","0.00","0.0%","0.0%","0.0%","0.0%","0.0%","0.0%","","","","","","","","","","","","","","","","","20526"
"Kutter Crawford","BOS","21","0","0","0","0","0","0.0%","0.0%",".000",".000",".000",".000",".000",".000","","","0.0","0.0","0.0","0.0","0","0","0","0","0","0","0","0",".000","0.00","0.0%","0.0%","0.0%","0.0%","0.0%","0.0%","","","","","","","","","","","","","","","","","20531"
"Edwin Uceta","ARI","10","0","0","0","0","0","0.0%","0.0%",".000",".000",".000",".000",".000",".000","","","0.0","0.0","0.0","0.0","0","0","0","0","0","0","0","0",".000","0.00","0.0%","0.0%","0.0%","0.0%","0.0%","0.0%","","","","","","","","","","","","","","","","","20539"
"Phoenix Sanders","TBR","8","0","0","0","0","0","0.0%","0.0%",".000",".000",".000",".000",".000",".000","","","0.0","0.0","0.0","0.0","0","0","0","0","0","0","0","0",".000","0.00","0.0%","0.0%","0.0%","0.0%","0.0%","0.0%","","","","","","","","","","","","","","","","","20541"
"Bowden Francis","TOR","1","0","0","0","0","0","0.0%","0.0%",".000",".000",".000",".000",".000",".000","","","0.0","0.0","0.0","0.0","0","0","0","0","0","0","0","0",".000","0.00","0.0%","0.0%","0.0%","0.0%","0.0%","0.0%","","","","","","","","","","","","","","","","","20548"
"Kirk McCarty","CLE","13","0","0","0","0","0","0.0%","0.0%",".000",".000",".000",".000",".000",".000","","","0.0","0.0","0.0","0.0","0","0","0","0","0","0","0","0",".000","0.00","0.0%","0.0%","0.0%","0.0%","0.0%","0.0%","","","","","","","","","","","","","","","","","20555"
"Jackson Tetreault","WSN","4","0","0","0","0","0","0.0%","0.0%",".000",".000",".000",".000",".000",".000","","","0.0","0.0","0.0","0.0","0","0","0","0","0","0","0","0",".000","0.00","0.0%","0.0%","0.0%","0.0%","0.0%","0.0%","","","","","","","","","","","","","","","","","20565"
"Anderson Severino","CHW","6","0","0","0","0","0","0.0%","0.0%",".000",".000",".000",".000",".000",".000","","","0.0","0.0","0.0","0.0","0","0","0","0","0","0","0","0",".000","0.00","0.0%","0.0%","0.0%","0.0%","0.0%","0.0%","","","","","","","","","","","","","","","","","20582"
"JC Mejia","MIL","2","0","0","0","0","0","0.0%","0.0%",".000",".000",".000",".000",".000",".000","","","0.0","0.0","0.0","0.0","0","0","0","0","0","0","0","0",".000","0.00","0.0%","0.0%","0.0%","0.0%","0.0%","0.0%","","","","","","","","","","","","","","","","","20617"
"Jordan Holloway","MIA","1","0","0","0","0","0","0.0%","0.0%",".000",".000",".000",".000",".000",".000","","","0.0","0.0","0.0","0.0","0","0","0","0","0","0","0","0",".000","0.00","0.0%","0.0%","0.0%","0.0%","0.0%","0.0%","","","","","","","","","","","","","","","","","20631"
"Yusei Kikuchi","TOR","32","0","0","0","0","0","0.0%","0.0%",".000",".000",".000",".000",".000",".000","","","0.0","0.0","0.0","0.0","0","0","0","0","0","0","0","0",".000","0.00","0.0%","0.0%","0.0%","0.0%","0.0%","0.0%","","","","","","","","","","","","","","","","","20633"
"Luis Castillo","DET","3","0","0","0","0","0","0.0%","0.0%",".000",".000",".000",".000",".000",".000","","","0.0","0.0","0.0","0.0","0","0","0","0","0","0","0","0",".000","0.00","0.0%","0.0%","0.0%","0.0%","0.0%","0.0%","","","","","","","","","","","","","","","","","20638"
"Felix Bautista","BAL","65","0","0","0","0","0","0.0%","0.0%",".000",".000",".000",".000",".000",".000","","","0.0","0.0","0.0","0.0","0","0","0","0","0","0","0","0",".000","0.00","0.0%","0.0%","0.0%","0.0%","0.0%","0.0%","","","","","","","","","","","","","","","","","20666"
"Cristofer Ogando","TBR","3","0","0","0","0","0","0.0%","0.0%",".000",".000",".000",".000",".000",".000","","","0.0","0.0","0.0","0.0","0","0","0","0","0","0","0","0",".000","0.00","0.0%","0.0%","0.0%","0.0%","0.0%","0.0%","","","","","","","","","","","","","","","","","20667"
"Cristopher Sanchez","PHI","15","0","0","0","0","0","0.0%","0.0%",".000",".000",".000",".000",".000",".000","","","0.0","0.0","0.0","0.0","0","0","0","0","0","0","0","0",".000","0.00","0.0%","0.0%","0.0%","0.0%","0.0%","0.0%","","","","","","","","","","","","","","","","","20778"
"Manuel Rodriguez","CHC","14","0","0","0","0","0","0.0%","0.0%",".000",".000",".000",".000",".000",".000","","","0.0","0.0","0.0","0.0","0","0","0","0","0","0","0","0",".000","0.00","0.0%","0.0%","0.0%","0.0%","0.0%","0.0%","","","","","","","","","","","","","","","","","20794"
"Aneurys Zabala","MIA","2","0","0","0","0","0","0.0%","0.0%",".000",".000",".000",".000",".000",".000","","","0.0","0.0","0.0","0.0","0","0","0","0","0","0","0","0",".000","0.00","0.0%","0.0%","0.0%","0.0%","0.0%","0.0%","","","","","","","","","","","","","","","","","20802"
"Elvin Rodriguez","DET","7","0","0","0","0","0","0.0%","0.0%",".000",".000",".000",".000",".000",".000","","","0.0","0.0","0.0","0.0","0","0","0","0","0","0","0","0",".000","0.00","0.0%","0.0%","0.0%","0.0%","0.0%","0.0%","","","","","","","","","","","","","","","","","20962"
"Eduard Bazardo","BOS","12","0","0","0","0","0","0.0%","0.0%",".000",".000",".000",".000",".000",".000","","","0.0","0.0","0.0","0.0","0","0","0","0","0","0","0","0",".000","0.00","0.0%","0.0%","0.0%","0.0%","0.0%","0.0%","","","","","","","","","","","","","","","","","20997"
"Francisco Perez","WSN","10","0","0","0","0","0","0.0%","0.0%",".000",".000",".000",".000",".000",".000","","","0.0","0.0","0.0","0.0","0","0","0","0","0","0","0","0",".000","0.00","0.0%","0.0%","0.0%","0.0%","0.0%","0.0%","","","","","","","","","","","","","","","","","21018"
"Adrian Martinez","OAK","12","0","0","0","0","0","0.0%","0.0%",".000",".000",".000",".000",".000",".000","","","0.0","0.0","0.0","0.0","0","0","0","0","0","0","0","0",".000","0.00","0.0%","0.0%","0.0%","0.0%","0.0%","0.0%","","","","","","","","","","","","","","","","","21023"
"Oliver Ortega","LAA","27","0","0","0","0","0","0.0%","0.0%",".000",".000",".000",".000",".000",".000","","","0.0","0.0","0.0","0.0","0","0","0","0","0","0","0","0",".000","0.00","0.0%","0.0%","0.0%","0.0%","0.0%","0.0%","","","","","","","","","","","","","","","","","21025"
"Jhoan Duran","MIN","57","0","0","0","0","0","0.0%","0.0%",".000",".000",".000",".000",".000",".000","","","0.0","0.0","0.0","0.0","0","0","0","0","0","0","0","0",".000","0.00","0.0%","0.0%","0.0%","0.0%","0.0%","0.0%","","","","","","","","","","","","","","","","","21029"
"Emmanuel Clase","CLE","77","0","0","0","0","0","0.0%","0.0%",".000",".000",".000",".000",".000",".000","","","0.0","0.0","0.0","0.0","0","0","0","0","0","0","0","0",".000","0.00","0.0%","0.0%","0.0%","0.0%","0.0%","0.0%","","","","","","","","","","","","","","","","","21032"
"Seth Martinez","HOU","29","0","0","0","0","0","0.0%","0.0%",".000",".000",".000",".000",".000",".000","","","0.0","0.0","0.0","0.0","0","0","0","0","0","0","0","0",".000","0.00","0.0%","0.0%","0.0%","0.0%","0.0%","0.0%","","","","","","","","","","","","","","","","","21045"
"Luis Gil","NYY","1","0","0","0","0","0","0.0%","0.0%",".000",".000",".000",".000",".000",".000","","","0.0","0.0","0.0","0.0","0","0","0","0","0","0","0","0",".000","0.00","0.0%","0.0%","0.0%","0.0%","0.0%","0.0%","","","","","","","","","","","","","","","","","21052"
"Thomas Szapucki","- - -","11","0","0","0","0","0","0.0%","0.0%",".000",".000",".000",".000",".000",".000","","","0.0","0.0","0.0","0.0","0","0","0","0","0","0","0","0",".000","0.00","0.0%","0.0%","0.0%","0.0%","0.0%","0.0%","","","","","","","","","","","","","","","","","21065"
"Nick Duron","PHI","1","0","0","0","0","0","0.0%","0.0%",".000",".000",".000",".000",".000",".000","","","0.0","0.0","0.0","0.0","0","0","0","0","0","0","0","0",".000","0.00","0.0%","0.0%","0.0%","0.0%","0.0%","0.0%","","","","","","","","","","","","","","","","","21092"
"Nick Vespi","BAL","25","0","0","0","0","0","0.0%","0.0%",".000",".000",".000",".000",".000",".000","","","0.0","0.0","0.0","0.0","0","0","0","0","0","0","0","0",".000","0.00","0.0%","0.0%","0.0%","0.0%","0.0%","0.0%","","","","","","","","","","","","","","","","","21093"
"Dauri Moreta","CIN","35","0","0","0","0","0","0.0%","0.0%",".000",".000",".000",".000",".000",".000","","","0.0","0.0","0.0","0.0","0","0","0","0","0","0","0","0",".000","0.00","0.0%","0.0%","0.0%","0.0%","0.0%","0.0%","","","","","","","","","","","","","","","","","21101"
"Miguel Yajure","PIT","12","0","0","0","0","0","0.0%","0.0%",".000",".000",".000",".000",".000",".000","","","0.0","0.0","0.0","0.0","0","0","0","0","0","0","0","0",".000","0.00","0.0%","0.0%","0.0%","0.0%","0.0%","0.0%","","","","","","","","","","","","","","","","","21111"
"Alexis Diaz","CIN","59","0","0","0","0","0","0.0%","0.0%",".000",".000",".000",".000",".000",".000","","","0.0","0.0","0.0","0.0","0","0","0","0","0","0","0","0",".000","0.00","0.0%","0.0%","0.0%","0.0%","0.0%","0.0%","","","","","","","","","","","","","","","","","21132"
"Dany Jimenez","OAK","34","0","0","0","0","0","0.0%","0.0%",".000",".000",".000",".000",".000",".000","","","0.0","0.0","0.0","0.0","0","0","0","0","0","0","0","0",".000","0.00","0.0%","0.0%","0.0%","0.0%","0.0%","0.0%","","","","","","","","","","","","","","","","","21170"
"Humberto Castellanos","ARI","11","0","0","0","0","0","0.0%","0.0%",".000",".000",".000",".000",".000",".000","","","0.0","0.0","0.0","0.0","0","0","0","0","0","0","0","0",".000","0.00","0.0%","0.0%","0.0%","0.0%","0.0%","0.0%","","","","","","","","","","","","","","","","","21183"
"Connor Brogdon","PHI","47","0","0","0","0","0","0.0%","0.0%",".000",".000",".000",".000",".000",".000","","","0.0","0.0","0.0","0.0","0","0","0","0","0","0","0","0",".000","0.00","0.0%","0.0%","0.0%","0.0%","0.0%","0.0%","","","","","","","","","","","","","","","","","21205"
"Bailey Ober","MIN","11","0","0","0","0","0","0.0%","0.0%",".000",".000",".000",".000",".000",".000","","","0.0","0.0","0.0","0.0","0","0","0","0","0","0","0","0",".000","0.00","0.0%","0.0%","0.0%","0.0%","0.0%","0.0%","","","","","","","","","","","","","","","","","21224"
"Jake Bird","COL","38","0","0","0","0","0","0.0%","0.0%",".000",".000",".000",".000",".000",".000","","","0.0","0.0","0.0","0.0","0","0","0","0","0","0","0","0",".000","0.00","0.0%","0.0%","0.0%","0.0%","0.0%","0.0%","","","","","","","","","","","","","","","","","21267"
"Lucas Gilbreath","COL","47","0","0","0","0","0","0.0%","0.0%",".000",".000",".000",".000",".000",".000","","","0.0","0.0","0.0","0.0","0","0","0","0","0","0","0","0",".000","0.00","0.0%","0.0%","0.0%","0.0%","0.0%","0.0%","","","","","","","","","","","","","","","","","21290"
"Andre Jackson","LAD","4","0","0","0","0","0","0.0%","0.0%",".000",".000",".000",".000",".000",".000","","","0.0","0.0","0.0","0.0","0","0","0","0","0","0","0","0",".000","0.00","0.0%","0.0%","0.0%","0.0%","0.0%","0.0%","","","","","","","","","","","","","","","","","21298"
"Tylor Megill","NYM","15","0","0","0","0","0","0.0%","0.0%",".000",".000",".000",".000",".000",".000","","","0.0","0.0","0.0","0.0","0","0","0","0","0","0","0","0",".000","0.00","0.0%","0.0%","0.0%","0.0%","0.0%","0.0%","","","","","","","","","","","","","","","","","21318"
"Bryce Montes de Oca","NYM","3","0","0","0","0","0","0.0%","0.0%",".000",".000",".000",".000",".000",".000","","","0.0","0.0","0.0","0.0","0","0","0","0","0","0","0","0",".000","0.00","0.0%","0.0%","0.0%","0.0%","0.0%","0.0%","","","","","","","","","","","","","","","","","21319"
"Parker Mushinski","HOU","7","0","0","0","0","0","0.0%","0.0%",".000",".000",".000",".000",".000",".000","","","0.0","0.0","0.0","0.0","0","0","0","0","0","0","0","0",".000","0.00","0.0%","0.0%","0.0%","0.0%","0.0%","0.0%","","","","","","","","","","","","","","","","","21324"
"Nicholas Padilla","CHC","1","0","0","0","0","0","0.0%","0.0%",".000",".000",".000",".000",".000",".000","","","0.0","0.0","0.0","0.0","0","0","0","0","0","0","0","0",".000","0.00","0.0%","0.0%","0.0%","0.0%","0.0%","0.0%","","","","","","","","","","","","","","","","","21327"
"Bennett Sousa","CHW","25","0","0","0","0","0","0.0%","0.0%",".000",".000",".000",".000",".000",".000","","","0.0","0.0","0.0","0.0","0","0","0","0","0","0","0","0",".000","0.00","0.0%","0.0%","0.0%","0.0%","0.0%","0.0%","","","","","","","","","","","","","","","","","21345"
"Glenn Otto","TEX","27","0","0","0","0","0","0.0%","0.0%",".000",".000",".000",".000",".000",".000","","","0.0","0.0","0.0","0.0","0","0","0","0","0","0","0","0",".000","0.00","0.0%","0.0%","0.0%","0.0%","0.0%","0.0%","","","","","","","","","","","","","","","","","21366"
"Peter Strzelecki","MIL","30","0","0","0","0","0","0.0%","0.0%",".000",".000",".000",".000",".000",".000","","","0.0","0.0","0.0","0.0","0","0","0","0","0","0","0","0",".000","0.00","0.0%","0.0%","0.0%","0.0%","0.0%","0.0%","","","","","","","","","","","","","","","","","21367"
"Joe Ryan","MIN","27","0","0","0","0","0","0.0%","0.0%",".000",".000",".000",".000",".000",".000","","","0.0","0.0","0.0","0.0","0","0","0","0","0","0","0","0",".000","0.00","0.0%","0.0%","0.0%","0.0%","0.0%","0.0%","","","","","","","","","","","","","","","","","21390"
"Yerry De Los Santos","PIT","26","0","0","0","0","0","0.0%","0.0%",".000",".000",".000",".000",".000",".000","","","0.0","0.0","0.0","0.0","0","0","0","0","0","0","0","0",".000","0.00","0.0%","0.0%","0.0%","0.0%","0.0%","0.0%","","","","","","","","","","","","","","","","","21420"
"Ryan Feltner","COL","20","0","0","0","0","0","0.0%","0.0%",".000",".000",".000",".000",".000",".000","","","0.0","0.0","0.0","0.0","0","0","0","0","0","0","0","0",".000","0.00","0.0%","0.0%","0.0%","0.0%","0.0%","0.0%","","","","","","","","","","","","","","","","","21446"
"Davis Martin","CHW","14","0","0","0","0","0","0.0%","0.0%",".000",".000",".000",".000",".000",".000","","","0.0","0.0","0.0","0.0","0","0","0","0","0","0","0","0",".000","0.00","0.0%","0.0%","0.0%","0.0%","0.0%","0.0%","","","","","","","","","","","","","","","","","21448"
"Konnor Pilkington","CLE","15","0","0","0","0","0","0.0%","0.0%",".000",".000",".000",".000",".000",".000","","","0.0","0.0","0.0","0.0","0","0","0","0","0","0","0","0",".000","0.00","0.0%","0.0%","0.0%","0.0%","0.0%","0.0%","","","","","","","","","","","","","","","","","21453"
"Kris Bubic","KCR","28","0","0","0","0","0","0.0%","0.0%",".000",".000",".000",".000",".000",".000","","","0.0","0.0","0.0","0.0","0","0","0","0","0","0","0","0",".000","0.00","0.0%","0.0%","0.0%","0.0%","0.0%","0.0%","","","","","","","","","","","","","","","","","21455"
"Cole Sands","MIN","11","0","0","0","0","0","0.0%","0.0%",".000",".000",".000",".000",".000",".000","","","0.0","0.0","0.0","0.0","0","0","0","0","0","0","0","0",".000","0.00","0.0%","0.0%","0.0%","0.0%","0.0%","0.0%","","","","","","","","","","","","","","","","","21461"
"Sean Hjelle","SFG","8","0","0","0","0","0","0.0%","0.0%",".000",".000",".000",".000",".000",".000","","","0.0","0.0","0.0","0.0","0","0","0","0","0","0","0","0",".000","0.00","0.0%","0.0%","0.0%","0.0%","0.0%","0.0%","","","","","","","","","","","","","","","","","21481"
"Shane McClanahan","TBR","29","0","0","0","0","0","0.0%","0.0%",".000",".000",".000",".000",".000",".000","","","0.0","0.0","0.0","0.0","0","0","0","0","0","0","0","0",".000","0.00","0.0%","0.0%","0.0%","0.0%","0.0%","0.0%","","","","","","","","","","","","","","","","","21483"
"Daniel Lynch","KCR","27","0","0","0","0","0","0.0%","0.0%",".000",".000",".000",".000",".000",".000","","","0.0","0.0","0.0","0.0","0","0","0","0","0","0","0","0",".000","0.00","0.0%","0.0%","0.0%","0.0%","0.0%","0.0%","","","","","","","","","","","","","","","","","21537"
"Reiss Knehr","SDP","5","0","0","0","0","0","0.0%","0.0%",".000",".000",".000",".000",".000",".000","","","0.0","0.0","0.0","0.0","0","0","0","0","0","0","0","0",".000","0.00","0.0%","0.0%","0.0%","0.0%","0.0%","0.0%","","","","","","","","","","","","","","","","","21541"
"Jackson Kowar","KCR","7","0","0","0","0","0","0.0%","0.0%",".000",".000",".000",".000",".000",".000","","","0.0","0.0","0.0","0.0","0","0","0","0","0","0","0","0",".000","0.00","0.0%","0.0%","0.0%","0.0%","0.0%","0.0%","","","","","","","","","","","","","","","","","21549"
"Brendon Little","CHC","1","0","0","0","0","0","0.0%","0.0%",".000",".000",".000",".000",".000",".000","","","0.0","0.0","0.0","0.0","0","0","0","0","0","0","0","0",".000","0.00","0.0%","0.0%","0.0%","0.0%","0.0%","0.0%","","","","","","","","","","","","","","","","","21574"
"Jake Cousins","MIL","12","0","0","0","0","0","0.0%","0.0%",".000",".000",".000",".000",".000",".000","","","0.0","0.0","0.0","0.0","0","0","0","0","0","0","0","0",".000","0.00","0.0%","0.0%","0.0%","0.0%","0.0%","0.0%","","","","","","","","","","","","","","","","","21620"
"Elvis Peguero","LAA","13","0","0","0","0","0","0.0%","0.0%",".000",".000",".000",".000",".000",".000","","","0.0","0.0","0.0","0.0","0","0","0","0","0","0","0","0",".000","0.00","0.0%","0.0%","0.0%","0.0%","0.0%","0.0%","","","","","","","","","","","","","","","","","21652"
"Kervin Castro","- - -","10","0","0","0","0","0","0.0%","0.0%",".000",".000",".000",".000",".000",".000","","","0.0","0.0","0.0","0.0","0","0","0","0","0","0","0","0",".000","0.00","0.0%","0.0%","0.0%","0.0%","0.0%","0.0%","","","","","","","","","","","","","","","","","21656"
"Edward Cabrera","MIA","14","0","0","0","0","0","0.0%","0.0%",".000",".000",".000",".000",".000",".000","","","0.0","0.0","0.0","0.0","0","0","0","0","0","0","0","0",".000","0.00","0.0%","0.0%","0.0%","0.0%","0.0%","0.0%","","","","","","","","","","","","","","","","","21690"
"Javier Assad","CHC","9","0","0","0","0","0","0.0%","0.0%",".000",".000",".000",".000",".000",".000","","","0.0","0.0","0.0","0.0","0","0","0","0","0","0","0","0",".000","0.00","0.0%","0.0%","0.0%","0.0%","0.0%","0.0%","","","","","","","","","","","","","","","","","21741"
"Jose Marte","LAA","11","0","0","0","0","0","0.0%","0.0%",".000",".000",".000",".000",".000",".000","","","0.0","0.0","0.0","0.0","0","0","0","0","0","0","0","0",".000","0.00","0.0%","0.0%","0.0%","0.0%","0.0%","0.0%","","","","","","","","","","","","","","","","","21761"
"Freddy Fermin","KCR","3","7","0","1","0","0","0.0%","42.9%",".000",".000",".000",".000",".000",".000",".026","-100","-0.2","-1.9","0.1","-0.2","0","0","0","0","0","3","0","1",".000","1.00","0.0%","50.0%","50.0%","50.0%","0.0%","0.0%","18.2%","76.9%","50.0%","100.0%","70.0%","75.0%","54.2%","12.5%","25.0%","29.2%",".027","89.4","14.7","0.0%","99.1",".035","21840"
"Braxton Garrett","MIA","17","0","0","0","0","0","0.0%","0.0%",".000",".000",".000",".000",".000",".000","","","0.0","0.0","0.0","0.0","0","0","0","0","0","0","0","0",".000","0.00","0.0%","0.0%","0.0%","0.0%","0.0%","0.0%","","","","","","","","","","","","","","","","","21844"
"Cole Ragans","TEX","9","0","0","0","0","0","0.0%","0.0%",".000",".000",".000",".000",".000",".000","","","0.0","0.0","0.0","0.0","0","0","0","0","0","0","0","0",".000","0.00","0.0%","0.0%","0.0%","0.0%","0.0%","0.0%","","","","","","","","","","","","","","","","","21846"
"Mason Thompson","WSN","24","0","0","0","0","0","0.0%","0.0%",".000",".000",".000",".000",".000",".000","","","0.0","0.0","0.0","0.0","0","0","0","0","0","0","0","0",".000","0.00","0.0%","0.0%","0.0%","0.0%","0.0%","0.0%","","","","","","","","","","","","","","","","","21850"
"Bo Naylor","CLE","5","8","0","0","0","0","0.0%","62.5%",".000",".000",".000",".000",".000",".000",".082","-100","0.0","-2.0","-0.1","-0.2","0","0","0","0","0","5","0","0",".000","0.00","33.3%","0.0%","66.7%","0.0%","0.0%","0.0%","28.6%","75.0%","48.6%","33.3%","58.3%","50.0%","43.2%","24.3%","33.3%","35.1%",".079","93.9","37.7","0.0%","104.2",".118","21865"
"Gregory Santos","SFG","2","0","0","0","0","0","0.0%","0.0%",".000",".000",".000",".000",".000",".000","","","0.0","0.0","0.0","0.0","0","0","0","0","0","0","0","0",".000","0.00","0.0%","0.0%","0.0%","0.0%","0.0%","0.0%","","","","","","","","","","","","","","","","","21894"
"Yerry Rodriguez","TEX","1","0","0","0","0","0","0.0%","0.0%",".000",".000",".000",".000",".000",".000","","","0.0","0.0","0.0","0.0","0","0","0","0","0","0","0","0",".000","0.00","0.0%","0.0%","0.0%","0.0%","0.0%","0.0%","","","","","","","","","","","","","","","","","21955"
"Max Castillo","- - -","14","0","0","0","0","0","0.0%","0.0%",".000",".000",".000",".000",".000",".000","","","0.0","0.0","0.0","0.0","0","0","0","0","0","0","0","0",".000","0.00","0.0%","0.0%","0.0%","0.0%","0.0%","0.0%","","","","","","","","","","","","","","","","","21956"
"Camilo Doval","SFG","68","0","0","0","0","0","0.0%","0.0%",".000",".000",".000",".000",".000",".000","","","0.0","0.0","0.0","0.0","0","0","0","0","0","0","0","0",".000","0.00","0.0%","0.0%","0.0%","0.0%","0.0%","0.0%","","","","","","","","","","","","","","","","","21992"
"Luis Frias","ARI","15","0","0","0","0","0","0.0%","0.0%",".000",".000",".000",".000",".000",".000","","","0.0","0.0","0.0","0.0","0","0","0","0","0","0","0","0",".000","0.00","0.0%","0.0%","0.0%","0.0%","0.0%","0.0%","","","","","","","","","","","","","","","","","21997"
"Angel Rondon","STL","1","0","0","0","0","0","0.0%","0.0%",".000",".000",".000",".000",".000",".000","","","0.0","0.0","0.0","0.0","0","0","0","0","0","0","0","0",".000","0.00","0.0%","0.0%","0.0%","0.0%","0.0%","0.0%","","","","","","","","","","","","","","","","","22036"
"John King","TEX","39","0","0","0","0","0","0.0%","0.0%",".000",".000",".000",".000",".000",".000","","","0.0","0.0","0.0","0.0","0","0","0","0","0","0","0","0",".000","0.00","0.0%","0.0%","0.0%","0.0%","0.0%","0.0%","","","","","","","","","","","","","","","","","22051"
"Aaron Fletcher","PIT","9","0","0","0","0","0","0.0%","0.0%",".000",".000",".000",".000",".000",".000","","","0.0","0.0","0.0","0.0","0","0","0","0","0","0","0","0",".000","0.00","0.0%","0.0%","0.0%","0.0%","0.0%","0.0%","","","","","","","","","","","","","","","","","22052"
"Kyle Tyler","SDP","2","0","0","0","0","0","0.0%","0.0%",".000",".000",".000",".000",".000",".000","","","0.0","0.0","0.0","0.0","0","0","0","0","0","0","0","0",".000","0.00","0.0%","0.0%","0.0%","0.0%","0.0%","0.0%","","","","","","","","","","","","","","","","","22092"
"Max Kranick","PIT","2","0","0","0","0","0","0.0%","0.0%",".000",".000",".000",".000",".000",".000","","","0.0","0.0","0.0","0.0","0","0","0","0","0","0","0","0",".000","0.00","0.0%","0.0%","0.0%","0.0%","0.0%","0.0%","","","","","","","","","","","","","","","","","22175"
"Easton McGee","TBR","1","0","0","0","0","0","0.0%","0.0%",".000",".000",".000",".000",".000",".000","","","0.0","0.0","0.0","0.0","0","0","0","0","0","0","0","0",".000","0.00","0.0%","0.0%","0.0%","0.0%","0.0%","0.0%","","","","","","","","","","","","","","","","","22176"
"Hunter Greene","CIN","24","0","0","0","0","0","0.0%","0.0%",".000",".000",".000",".000",".000",".000","","","0.0","0.0","0.0","0.0","0","0","0","0","0","0","0","0",".000","0.00","0.0%","0.0%","0.0%","0.0%","0.0%","0.0%","","","","","","","","","","","","","","","","","22182"
"MacKenzie Gore","SDP","16","0","0","0","0","0","0.0%","0.0%",".000",".000",".000",".000",".000",".000","","","0.0","0.0","0.0","0.0","0","0","0","0","0","0","0","0",".000","0.00","0.0%","0.0%","0.0%","0.0%","0.0%","0.0%","","","","","","","","","","","","","","","","","22201"
"DL Hall","BAL","11","0","0","0","0","0","0.0%","0.0%",".000",".000",".000",".000",".000",".000","","","0.0","0.0","0.0","0.0","0","0","0","0","0","0","0","0",".000","0.00","0.0%","0.0%","0.0%","0.0%","0.0%","0.0%","","","","","","","","","","","","","","","","","22207"
"Jeremiah Estrada","CHC","5","0","0","0","0","0","0.0%","0.0%",".000",".000",".000",".000",".000",".000","","","0.0","0.0","0.0","0.0","0","0","0","0","0","0","0","0",".000","0.00","0.0%","0.0%","0.0%","0.0%","0.0%","0.0%","","","","","","","","","","","","","","","","","22210"
"Jon Heasley","KCR","21","0","0","0","0","0","0.0%","0.0%",".000",".000",".000",".000",".000",".000","","","0.0","0.0","0.0","0.0","0","0","0","0","0","0","0","0",".000","0.00","0.0%","0.0%","0.0%","0.0%","0.0%","0.0%","","","","","","","","","","","","","","","","","22224"
"Logan Gilbert","SEA","32","0","0","0","0","0","0.0%","0.0%",".000",".000",".000",".000",".000",".000","","","0.0","0.0","0.0","0.0","0","0","0","0","0","0","0","0",".000","0.00","0.0%","0.0%","0.0%","0.0%","0.0%","0.0%","","","","","","","","","","","","","","","","","22250"
"Joe Perez","HOU","1","1","0","0","0","0","0.0%","100.0%",".000",".000",".000",".000",".000",".000",".000","-100","0.0","-0.2","0.1","0.0","0","0","0","0","0","1","0","0",".000","0.00","0.0%","0.0%","0.0%","0.0%","0.0%","0.0%","66.7%","50.0%","60.0%","100.0%","100.0%","100.0%","40.0%","0.0%","","20.0%","","","","","","","22254"
"Shane Baz","TBR","6","0","0","0","0","0","0.0%","0.0%",".000",".000",".000",".000",".000",".000","","","0.0","0.0","0.0","0.0","0","0","0","0","0","0","0","0",".000","0.00","0.0%","0.0%","0.0%","0.0%","0.0%","0.0%","","","","","","","","","","","","","","","","","22264"
"Tarik Skubal","DET","21","0","0","0","0","0","0.0%","0.0%",".000",".000",".000",".000",".000",".000","","","0.0","0.0","0.0","0.0","0","0","0","0","0","0","0","0",".000","0.00","0.0%","0.0%","0.0%","0.0%","0.0%","0.0%","","","","","","","","","","","","","","","","","22267"
"Dylan Coleman","KCR","68","0","0","0","0","0","0.0%","0.0%",".000",".000",".000",".000",".000",".000","","","0.0","0.0","0.0","0.0","0","0","0","0","0","0","0","0",".000","0.00","0.0%","0.0%","0.0%","0.0%","0.0%","0.0%","","","","","","","","","","","","","","","","","22276"
"Trevor Rogers","MIA","23","0","0","0","0","0","0.0%","0.0%",".000",".000",".000",".000",".000",".000","","","0.0","0.0","0.0","0.0","0","0","0","0","0","0","0","0",".000","0.00","0.0%","0.0%","0.0%","0.0%","0.0%","0.0%","","","","","","","","","","","","","","","","","22286"
"Matthew Liberatore","STL","9","0","0","0","0","0","0.0%","0.0%",".000",".000",".000",".000",".000",".000","","","0.0","0.0","0.0","0.0","0","0","0","0","0","0","0","0",".000","0.00","0.0%","0.0%","0.0%","0.0%","0.0%","0.0%","","","","","","","","","","","","","","","","","22294"
"Joe Barlow","TEX","35","0","0","0","0","0","0.0%","0.0%",".000",".000",".000",".000",".000",".000","","","0.0","0.0","0.0","0.0","0","0","0","0","0","0","0","0",".000","0.00","0.0%","0.0%","0.0%","0.0%","0.0%","0.0%","","","","","","","","","","","","","","","","","22296"
"Angel De Jesus","DET","8","0","0","0","0","0","0.0%","0.0%",".000",".000",".000",".000",".000",".000","","","0.0","0.0","0.0","0.0","0","0","0","0","0","0","0","0",".000","0.00","0.0%","0.0%","0.0%","0.0%","0.0%","0.0%","","","","","","","","","","","","","","","","","22323"
"A.J. Alexy","TEX","4","0","0","0","0","0","0.0%","0.0%",".000",".000",".000",".000",".000",".000","","","0.0","0.0","0.0","0.0","0","0","0","0","0","0","0","0",".000","0.00","0.0%","0.0%","0.0%","0.0%","0.0%","0.0%","","","","","","","","","","","","","","","","","22343"
"Colin Holderman","- - -","24","0","0","0","0","0","0.0%","0.0%",".000",".000",".000",".000",".000",".000","","","0.0","0.0","0.0","0.0","0","0","0","0","0","0","0","0",".000","0.00","0.0%","0.0%","0.0%","0.0%","0.0%","0.0%","","","","","","","","","","","","","","","","","22361"
"Josh Winckowski","BOS","15","0","0","0","0","0","0.0%","0.0%",".000",".000",".000",".000",".000",".000","","","0.0","0.0","0.0","0.0","0","0","0","0","0","0","0","0",".000","0.00","0.0%","0.0%","0.0%","0.0%","0.0%","0.0%","","","","","","","","","","","","","","","","","22387"
"Logan Gillaspie","BAL","17","0","0","0","0","0","0.0%","0.0%",".000",".000",".000",".000",".000",".000","","","0.0","0.0","0.0","0.0","0","0","0","0","0","0","0","0",".000","0.00","0.0%","0.0%","0.0%","0.0%","0.0%","0.0%","","","","","","","","","","","","","","","","","22461"
"Johan Oviedo","- - -","21","0","0","0","0","0","0.0%","0.0%",".000",".000",".000",".000",".000",".000","","","0.0","0.0","0.0","0.0","0","0","0","0","0","0","0","0",".000","0.00","0.0%","0.0%","0.0%","0.0%","0.0%","0.0%","","","","","","","","","","","","","","","","","22487"
"Carlos Hernandez","KCR","27","0","0","0","0","0","0.0%","0.0%",".000",".000",".000",".000",".000",".000","","","0.0","0.0","0.0","0.0","0","0","0","0","0","0","0","0",".000","0.00","0.0%","0.0%","0.0%","0.0%","0.0%","0.0%","","","","","","","","","","","","","","","","","22713"
"Angel Zerpa","KCR","3","0","0","0","0","0","0.0%","0.0%",".000",".000",".000",".000",".000",".000","","","0.0","0.0","0.0","0.0","0","0","0","0","0","0","0","0",".000","0.00","0.0%","0.0%","0.0%","0.0%","0.0%","0.0%","","","","","","","","","","","","","","","","","22717"
"Roansy Contreras","PIT","21","0","0","0","0","0","0.0%","0.0%",".000",".000",".000",".000",".000",".000","","","0.0","0.0","0.0","0.0","0","0","0","0","0","0","0","0",".000","0.00","0.0%","0.0%","0.0%","0.0%","0.0%","0.0%","","","","","","","","","","","","","","","","","22810"
"Luis Patino","TBR","6","0","0","0","0","0","0.0%","0.0%",".000",".000",".000",".000",".000",".000","","","0.0","0.0","0.0","0.0","0","0","0","0","0","0","0","0",".000","0.00","0.0%","0.0%","0.0%","0.0%","0.0%","0.0%","","","","","","","","","","","","","","","","","22815"
"Francisco Morales","PHI","3","0","0","0","0","0","0.0%","0.0%",".000",".000",".000",".000",".000",".000","","","0.0","0.0","0.0","0.0","0","0","0","0","0","0","0","0",".000","0.00","0.0%","0.0%","0.0%","0.0%","0.0%","0.0%","","","","","","","","","","","","","","","","","22913"
"Joan Adon","WSN","14","0","0","0","0","0","0.0%","0.0%",".000",".000",".000",".000",".000",".000","","","0.0","0.0","0.0","0.0","0","0","0","0","0","0","0","0",".000","0.00","0.0%","0.0%","0.0%","0.0%","0.0%","0.0%","","","","","","","","","","","","","","","","","22925"
"Michael Plassmeyer","PHI","2","0","0","0","0","0","0.0%","0.0%",".000",".000",".000",".000",".000",".000","","","0.0","0.0","0.0","0.0","0","0","0","0","0","0","0","0",".000","0.00","0.0%","0.0%","0.0%","0.0%","0.0%","0.0%","","","","","","","","","","","","","","","","","23191"
"Michael Grove","LAD","7","0","0","0","0","0","0.0%","0.0%",".000",".000",".000",".000",".000",".000","","","0.0","0.0","0.0","0.0","0","0","0","0","0","0","0","0",".000","0.00","0.0%","0.0%","0.0%","0.0%","0.0%","0.0%","","","","","","","","","","","","","","","","","23221"
"Spencer Howard","TEX","10","0","0","0","0","0","0.0%","0.0%",".000",".000",".000",".000",".000",".000","","","0.0","0.0","0.0","0.0","0","0","0","0","0","0","0","0",".000","0.00","0.0%","0.0%","0.0%","0.0%","0.0%","0.0%","","","","","","","","","","","","","","","","","23252"
"Packy Naughton","STL","26","0","0","0","0","0","0.0%","0.0%",".000",".000",".000",".000",".000",".000","","","0.0","0.0","0.0","0.0","0","0","0","0","0","0","0","0",".000","0.00","0.0%","0.0%","0.0%","0.0%","0.0%","0.0%","","","","","","","","","","","","","","","","","23292"
"Janson Junk","LAA","3","0","0","0","0","0","0.0%","0.0%",".000",".000",".000",".000",".000",".000","","","0.0","0.0","0.0","0.0","0","0","0","0","0","0","0","0",".000","0.00","0.0%","0.0%","0.0%","0.0%","0.0%","0.0%","","","","","","","","","","","","","","","","","23301"
"Collin Snider","KCR","42","0","0","0","0","0","0.0%","0.0%",".000",".000",".000",".000",".000",".000","","","0.0","0.0","0.0","0.0","0","0","0","0","0","0","0","0",".000","0.00","0.0%","0.0%","0.0%","0.0%","0.0%","0.0%","","","","","","","","","","","","","","","","","23307"
"Damon Jones","PHI","4","0","0","0","0","0","0.0%","0.0%",".000",".000",".000",".000",".000",".000","","","0.0","0.0","0.0","0.0","0","0","0","0","0","0","0","0",".000","0.00","0.0%","0.0%","0.0%","0.0%","0.0%","0.0%","","","","","","","","","","","","","","","","","23310"
"Jose Butto","NYM","1","0","0","0","0","0","0.0%","0.0%",".000",".000",".000",".000",".000",".000","","","0.0","0.0","0.0","0.0","0","0","0","0","0","0","0","0",".000","0.00","0.0%","0.0%","0.0%","0.0%","0.0%","0.0%","","","","","","","","","","","","","","","","","23313"
"Freddy Tarnok","ATL","1","0","0","0","0","0","0.0%","0.0%",".000",".000",".000",".000",".000",".000","","","0.0","0.0","0.0","0.0","0","0","0","0","0","0","0","0",".000","0.00","0.0%","0.0%","0.0%","0.0%","0.0%","0.0%","","","","","","","","","","","","","","","","","23324"
"Beau Sulser","- - -","10","0","0","0","0","0","0.0%","0.0%",".000",".000",".000",".000",".000",".000","","","0.0","0.0","0.0","0.0","0","0","0","0","0","0","0","0",".000","0.00","0.0%","0.0%","0.0%","0.0%","0.0%","0.0%","","","","","","","","","","","","","","","","","23420"
"Jared Solomon","CIN","9","0","0","0","0","0","0.0%","0.0%",".000",".000",".000",".000",".000",".000","","","0.0","0.0","0.0","0.0","0","0","0","0","0","0","0","0",".000","0.00","0.0%","0.0%","0.0%","0.0%","0.0%","0.0%","","","","","","","","","","","","","","","","","23425"
"JP Sears","- - -","17","0","0","0","0","0","0.0%","0.0%",".000",".000",".000",".000",".000",".000","","","0.0","0.0","0.0","0.0","0","0","0","0","0","0","0","0",".000","0.00","0.0%","0.0%","0.0%","0.0%","0.0%","0.0%","","","","","","","","","","","","","","","","","23429"
"Brandon Hughes","CHC","57","0","0","0","0","0","0.0%","0.0%",".000",".000",".000",".000",".000",".000","","","0.0","0.0","0.0","0.0","0","0","0","0","0","0","0","0",".000","0.00","0.0%","0.0%","0.0%","0.0%","0.0%","0.0%","","","","","","","","","","","","","","","","","23460"
"Tommy Romero","- - -","4","0","0","0","0","0","0.0%","0.0%",".000",".000",".000",".000",".000",".000","","","0.0","0.0","0.0","0.0","0","0","0","0","0","0","0","0",".000","0.00","0.0%","0.0%","0.0%","0.0%","0.0%","0.0%","","","","","","","","","","","","","","","","","23465"
"Ron Marinaccio","NYY","40","0","0","0","0","0","0.0%","0.0%",".000",".000",".000",".000",".000",".000","","","0.0","0.0","0.0","0.0","0","0","0","0","0","0","0","0",".000","0.00","0.0%","0.0%","0.0%","0.0%","0.0%","0.0%","","","","","","","","","","","","","","","","","23488"
"Nicklaus Snyder","TEX","2","0","0","0","0","0","0.0%","0.0%",".000",".000",".000",".000",".000",".000","","","0.0","0.0","0.0","0.0","0","0","0","0","0","0","0","0",".000","0.00","0.0%","0.0%","0.0%","0.0%","0.0%","0.0%","","","","","","","","","","","","","","","","","23493"
"Aaron Ashby","MIL","27","0","0","0","0","0","0.0%","0.0%",".000",".000",".000",".000",".000",".000","","","0.0","0.0","0.0","0.0","0","0","0","0","0","0","0","0",".000","0.00","0.0%","0.0%","0.0%","0.0%","0.0%","0.0%","","","","","","","","","","","","","","","","","23550"
"Luis Garcia","HOU","28","0","0","0","0","0","0.0%","0.0%",".000",".000",".000",".000",".000",".000","","","0.0","0.0","0.0","0.0","0","0","0","0","0","0","0","0",".000","0.00","0.0%","0.0%","0.0%","0.0%","0.0%","0.0%","","","","","","","","","","","","","","","","","23735"
"Justin Bruihl","LAD","24","0","0","0","0","0","0.0%","0.0%",".000",".000",".000",".000",".000",".000","","","0.0","0.0","0.0","0.0","0","0","0","0","0","0","0","0",".000","0.00","0.0%","0.0%","0.0%","0.0%","0.0%","0.0%","","","","","","","","","","","","","","","","","23779"
"Ryan Weathers","SDP","1","0","0","0","0","0","0.0%","0.0%",".000",".000",".000",".000",".000",".000","","","0.0","0.0","0.0","0.0","0","0","0","0","0","0","0","0",".000","0.00","0.0%","0.0%","0.0%","0.0%","0.0%","0.0%","","","","","","","","","","","","","","","","","23796"
"Ray Kerr","SDP","7","0","0","0","0","0","0.0%","0.0%",".000",".000",".000",".000",".000",".000","","","0.0","0.0","0.0","0.0","0","0","0","0","0","0","0","0",".000","0.00","0.0%","0.0%","0.0%","0.0%","0.0%","0.0%","","","","","","","","","","","","","","","","","23809"
"Brayan Bello","BOS","13","0","0","0","0","0","0.0%","0.0%",".000",".000",".000",".000",".000",".000","","","0.0","0.0","0.0","0.0","0","0","0","0","0","0","0","0",".000","0.00","0.0%","0.0%","0.0%","0.0%","0.0%","0.0%","","","","","","","","","","","","","","","","","23920"
"Ronny Henriquez","MIN","3","0","0","0","0","0","0.0%","0.0%",".000",".000",".000",".000",".000",".000","","","0.0","0.0","0.0","0.0","0","0","0","0","0","0","0","0",".000","0.00","0.0%","0.0%","0.0%","0.0%","0.0%","0.0%","","","","","","","","","","","","","","","","","24094"
"Simeon Woods Richardson","MIN","1","0","0","0","0","0","0.0%","0.0%",".000",".000",".000",".000",".000",".000","","","0.0","0.0","0.0","0.0","0","0","0","0","0","0","0","0",".000","0.00","0.0%","0.0%","0.0%","0.0%","0.0%","0.0%","","","","","","","","","","","","","","","","","24494"
"Josiah Gray","WSN","28","0","0","0","0","0","0.0%","0.0%",".000",".000",".000",".000",".000",".000","","","0.0","0.0","0.0","0.0","0","0","0","0","0","0","0","0",".000","0.00","0.0%","0.0%","0.0%","0.0%","0.0%","0.0%","","","","","","","","","","","","","","","","","24580"
"Kyle Bradish","BAL","23","0","0","0","0","0","0.0%","0.0%",".000",".000",".000",".000",".000",".000","","","0.0","0.0","0.0","0.0","0","0","0","0","0","0","0","0",".000","0.00","0.0%","0.0%","0.0%","0.0%","0.0%","0.0%","","","","","","","","","","","","","","","","","24586"
"Josh Winder","MIN","15","0","0","0","0","0","0.0%","0.0%",".000",".000",".000",".000",".000",".000","","","0.0","0.0","0.0","0.0","0","0","0","0","0","0","0","0",".000","0.00","0.0%","0.0%","0.0%","0.0%","0.0%","0.0%","","","","","","","","","","","","","","","","","24606"
"Frank German","BOS","5","0","0","0","0","0","0.0%","0.0%",".000",".000",".000",".000",".000",".000","","","0.0","0.0","0.0","0.0","0","0","0","0","0","0","0","0",".000","0.00","0.0%","0.0%","0.0%","0.0%","0.0%","0.0%","","","","","","","","","","","","","","","","","24750"
"Ethan Roberts","CHC","9","0","0","0","0","0","0.0%","0.0%",".000",".000",".000",".000",".000",".000","","","0.0","0.0","0.0","0.0","0","0","0","0","0","0","0","0",".000","0.00","0.0%","0.0%","0.0%","0.0%","0.0%","0.0%","","","","","","","","","","","","","","","","","24930"
"Andrew Wantz","LAA","42","0","0","0","0","0","0.0%","0.0%",".000",".000",".000",".000",".000",".000","","","0.0","0.0","0.0","0.0","0","0","0","0","0","0","0","0",".000","0.00","0.0%","0.0%","0.0%","0.0%","0.0%","0.0%","","","","","","","","","","","","","","","","","24933"
"Austin Warren","LAA","14","0","0","0","0","0","0.0%","0.0%",".000",".000",".000",".000",".000",".000","","","0.0","0.0","0.0","0.0","0","0","0","0","0","0","0","0",".000","0.00","0.0%","0.0%","0.0%","0.0%","0.0%","0.0%","","","","","","","","","","","","","","","","","24937"
"Cooper Criswell","TBR","1","0","0","0","0","0","0.0%","0.0%",".000",".000",".000",".000",".000",".000","","","0.0","0.0","0.0","0.0","0","0","0","0","0","0","0","0",".000","0.00","0.0%","0.0%","0.0%","0.0%","0.0%","0.0%","","","","","","","","","","","","","","","","","24975"
"Evan Lee","WSN","4","0","0","0","0","0","0.0%","0.0%",".000",".000",".000",".000",".000",".000","","","0.0","0.0","0.0","0.0","0","0","0","0","0","0","0","0",".000","0.00","0.0%","0.0%","0.0%","0.0%","0.0%","0.0%","","","","","","","","","","","","","","","","","24988"
"Alex Vesia","LAD","63","0","0","0","0","0","0.0%","0.0%",".000",".000",".000",".000",".000",".000","","","0.0","0.0","0.0","0.0","0","0","0","0","0","0","0","0",".000","0.00","0.0%","0.0%","0.0%","0.0%","0.0%","0.0%","","","","","","","","","","","","","","","","","25007"
"William Woods","ATL","2","0","0","0","0","0","0.0%","0.0%",".000",".000",".000",".000",".000",".000","","","0.0","0.0","0.0","0.0","0","0","0","0","0","0","0","0",".000","0.00","0.0%","0.0%","0.0%","0.0%","0.0%","0.0%","","","","","","","","","","","","","","","","","25075"
"Cam Alldred","PIT","1","0","0","0","0","0","0.0%","0.0%",".000",".000",".000",".000",".000",".000","","","0.0","0.0","0.0","0.0","0","0","0","0","0","0","0","0",".000","0.00","0.0%","0.0%","0.0%","0.0%","0.0%","0.0%","","","","","","","","","","","","","","","","","25078"
"Garrett Hill","DET","17","0","0","0","0","0","0.0%","0.0%",".000",".000",".000",".000",".000",".000","","","0.0","0.0","0.0","0.0","0","0","0","0","0","0","0","0",".000","0.00","0.0%","0.0%","0.0%","0.0%","0.0%","0.0%","","","","","","","","","","","","","","","","","25097"
"Penn Murfee","SEA","64","0","0","0","0","0","0.0%","0.0%",".000",".000",".000",".000",".000",".000","","","0.0","0.0","0.0","0.0","0","0","0","0","0","0","0","0",".000","0.00","0.0%","0.0%","0.0%","0.0%","0.0%","0.0%","","","","","","","","","","","","","","","","","25174"
"Nick Mears","PIT","2","0","0","0","0","0","0.0%","0.0%",".000",".000",".000",".000",".000",".000","","","0.0","0.0","0.0","0.0","0","0","0","0","0","0","0","0",".000","0.00","0.0%","0.0%","0.0%","0.0%","0.0%","0.0%","","","","","","","","","","","","","","","","","25376"
"Brady Singer","KCR","27","0","0","0","0","0","0.0%","0.0%",".000",".000",".000",".000",".000",".000","","","0.0","0.0","0.0","0.0","0","0","0","0","0","0","0","0",".000","0.00","0.0%","0.0%","0.0%","0.0%","0.0%","0.0%","","","","","","","","","","","","","","","","","25377"
"Sammy Long","SFG","28","0","0","0","0","0","0.0%","0.0%",".000",".000",".000",".000",".000",".000","","","0.0","0.0","0.0","0.0","0","0","0","0","0","0","0","0",".000","0.00","0.0%","0.0%","0.0%","0.0%","0.0%","0.0%","","","","","","","","","","","","","","","","","25379"
"Drew Rasmussen","TBR","28","0","0","0","0","0","0.0%","0.0%",".000",".000",".000",".000",".000",".000","","","0.0","0.0","0.0","0.0","0","0","0","0","0","0","0","0",".000","0.00","0.0%","0.0%","0.0%","0.0%","0.0%","0.0%","","","","","","","","","","","","","","","","","25385"
"Cody Morris","CLE","7","0","0","0","0","0","0.0%","0.0%",".000",".000",".000",".000",".000",".000","","","0.0","0.0","0.0","0.0","0","0","0","0","0","0","0","0",".000","0.00","0.0%","0.0%","0.0%","0.0%","0.0%","0.0%","","","","","","","","","","","","","","","","","25388"
"Nash Walters","LAA","1","0","0","0","0","0","0.0%","0.0%",".000",".000",".000",".000",".000",".000","","","0.0","0.0","0.0","0.0","0","0","0","0","0","0","0","0",".000","0.00","0.0%","0.0%","0.0%","0.0%","0.0%","0.0%","","","","","","","","","","","","","","","","","25413"
"Gavin Hollowell","COL","6","0","0","0","0","0","0.0%","0.0%",".000",".000",".000",".000",".000",".000","","","0.0","0.0","0.0","0.0","0","0","0","0","0","0","0","0",".000","0.00","0.0%","0.0%","0.0%","0.0%","0.0%","0.0%","","","","","","","","","","","","","","","","","25427"
"George Kirby","SEA","25","0","0","0","0","0","0.0%","0.0%",".000",".000",".000",".000",".000",".000","","","0.0","0.0","0.0","0.0","0","0","0","0","0","0","0","0",".000","0.00","0.0%","0.0%","0.0%","0.0%","0.0%","0.0%","","","","","","","","","","","","","","","","","25436"
"Nate Fisher","NYM","1","0","0","0","0","0","0.0%","0.0%",".000",".000",".000",".000",".000",".000","","","0.0","0.0","0.0","0.0","0","0","0","0","0","0","0","0",".000","0.00","0.0%","0.0%","0.0%","0.0%","0.0%","0.0%","","","","","","","","","","","","","","","","","25512"
"Xzavion Curry","CLE","2","0","0","0","0","0","0.0%","0.0%",".000",".000",".000",".000",".000",".000","","","0.0","0.0","0.0","0.0","0","0","0","0","0","0","0","0",".000","0.00","0.0%","0.0%","0.0%","0.0%","0.0%","0.0%","","","","","","","","","","","","","","","","","25595"
"Hunter Gaddis","CLE","2","0","0","0","0","0","0.0%","0.0%",".000",".000",".000",".000",".000",".000","","","0.0","0.0","0.0","0.0","0","0","0","0","0","0","0","0",".000","0.00","0.0%","0.0%","0.0%","0.0%","0.0%","0.0%","","","","","","","","","","","","","","","","","25636"
"Cole Waites","SFG","7","0","0","0","0","0","0.0%","0.0%",".000",".000",".000",".000",".000",".000","","","0.0","0.0","0.0","0.0","0","0","0","0","0","0","0","0",".000","0.00","0.0%","0.0%","0.0%","0.0%","0.0%","0.0%","","","","","","","","","","","","","","","","","25665"
"Matt Brash","SEA","39","0","0","0","0","0","0.0%","0.0%",".000",".000",".000",".000",".000",".000","","","0.0","0.0","0.0","0.0","0","0","0","0","0","0","0","0",".000","0.00","0.0%","0.0%","0.0%","0.0%","0.0%","0.0%","","","","","","","","","","","","","","","","","25756"
"Noah Davis","COL","1","0","0","0","0","0","0.0%","0.0%",".000",".000",".000",".000",".000",".000","","","0.0","0.0","0.0","0.0","0","0","0","0","0","0","0","0",".000","0.00","0.0%","0.0%","0.0%","0.0%","0.0%","0.0%","","","","","","","","","","","","","","","","","25862"
"Hunter Brown","HOU","7","0","0","0","0","0","0.0%","0.0%",".000",".000",".000",".000",".000",".000","","","0.0","0.0","0.0","0.0","0","0","0","0","0","0","0","0",".000","0.00","0.0%","0.0%","0.0%","0.0%","0.0%","0.0%","","","","","","","","","","","","","","","","","25880"
"Yennier Cano","- - -","13","0","0","0","0","0","0.0%","0.0%",".000",".000",".000",".000",".000",".000","","","0.0","0.0","0.0","0.0","0","0","0","0","0","0","0","0",".000","0.00","0.0%","0.0%","0.0%","0.0%","0.0%","0.0%","","","","","","","","","","","","","","","","","25911"
"Zack Thompson","STL","22","0","0","0","0","0","0.0%","0.0%",".000",".000",".000",".000",".000",".000","","","0.0","0.0","0.0","0.0","0","0","0","0","0","0","0","0",".000","0.00","0.0%","0.0%","0.0%","0.0%","0.0%","0.0%","","","","","","","","","","","","","","","","","25918"
"Andrew Nardi","MIA","13","0","0","0","0","0","0.0%","0.0%",".000",".000",".000",".000",".000",".000","","","0.0","0.0","0.0","0.0","0","0","0","0","0","0","0","0",".000","0.00","0.0%","0.0%","0.0%","0.0%","0.0%","0.0%","","","","","","","","","","","","","","","","","25942"
"Beau Brieske","DET","15","0","0","0","0","0","0.0%","0.0%",".000",".000",".000",".000",".000",".000","","","0.0","0.0","0.0","0.0","0","0","0","0","0","0","0","0",".000","0.00","0.0%","0.0%","0.0%","0.0%","0.0%","0.0%","","","","","","","","","","","","","","","","","26079"
"Andre Pallante","STL","47","0","0","0","0","0","0.0%","0.0%",".000",".000",".000",".000",".000",".000","","","0.0","0.0","0.0","0.0","0","0","0","0","0","0","0","0",".000","0.00","0.0%","0.0%","0.0%","0.0%","0.0%","0.0%","","","","","","","","","","","","","","","","","26108"
"Caleb Kilian","CHC","3","0","0","0","0","0","0.0%","0.0%",".000",".000",".000",".000",".000",".000","","","0.0","0.0","0.0","0.0","0","0","0","0","0","0","0","0",".000","0.00","0.0%","0.0%","0.0%","0.0%","0.0%","0.0%","","","","","","","","","","","","","","","","","26213"
"Ryan Pepiot","LAD","9","0","0","0","0","0","0.0%","0.0%",".000",".000",".000",".000",".000",".000","","","0.0","0.0","0.0","0.0","0","0","0","0","0","0","0","0",".000","0.00","0.0%","0.0%","0.0%","0.0%","0.0%","0.0%","","","","","","","","","","","","","","","","","26221"
"Tyler Holton","ARI","10","0","0","0","0","0","0.0%","0.0%",".000",".000",".000",".000",".000",".000","","","0.0","0.0","0.0","0.0","0","0","0","0","0","0","0","0",".000","0.00","0.0%","0.0%","0.0%","0.0%","0.0%","0.0%","","","","","","","","","","","","","","","","","26231"
"Ryne Nelson","ARI","3","0","0","0","0","0","0.0%","0.0%",".000",".000",".000",".000",".000",".000","","","0.0","0.0","0.0","0.0","0","0","0","0","0","0","0","0",".000","0.00","0.0%","0.0%","0.0%","0.0%","0.0%","0.0%","","","","","","","","","","","","","","","","","26253"
"Drey Jameson","ARI","4","0","0","0","0","0","0.0%","0.0%",".000",".000",".000",".000",".000",".000","","","0.0","0.0","0.0","0.0","0","0","0","0","0","0","0","0",".000","0.00","0.0%","0.0%","0.0%","0.0%","0.0%","0.0%","","","","","","","","","","","","","","","","","26260"
"Tommy Henry","ARI","9","0","0","0","0","0","0.0%","0.0%",".000",".000",".000",".000",".000",".000","","","0.0","0.0","0.0","0.0","0","0","0","0","0","0","0","0",".000","0.00","0.0%","0.0%","0.0%","0.0%","0.0%","0.0%","","","","","","","","","","","","","","","","","26285"
"Bryan Hoeing","MIA","8","0","0","0","0","0","0.0%","0.0%",".000",".000",".000",".000",".000",".000","","","0.0","0.0","0.0","0.0","0","0","0","0","0","0","0","0",".000","0.00","0.0%","0.0%","0.0%","0.0%","0.0%","0.0%","","","","","","","","","","","","","","","","","26304"
"Ethan Small","MIL","2","0","0","0","0","0","0.0%","0.0%",".000",".000",".000",".000",".000",".000","","","0.0","0.0","0.0","0.0","0","0","0","0","0","0","0","0",".000","0.00","0.0%","0.0%","0.0%","0.0%","0.0%","0.0%","","","","","","","","","","","","","","","","","26364"
"Nick Lodolo","CIN","19","0","0","0","0","0","0.0%","0.0%",".000",".000",".000",".000",".000",".000","","","0.0","0.0","0.0","0.0","0","0","0","0","0","0","0","0",".000","0.00","0.0%","0.0%","0.0%","0.0%","0.0%","0.0%","","","","","","","","","","","","","","","","","26378"
"Alek Manoah","TOR","31","0","0","0","0","0","0.0%","0.0%",".000",".000",".000",".000",".000",".000","","","0.0","0.0","0.0","0.0","0","0","0","0","0","0","0","0",".000","0.00","0.0%","0.0%","0.0%","0.0%","0.0%","0.0%","","","","","","","","","","","","","","","","","26410"
"Reid Detmers","LAA","25","0","0","0","0","0","0.0%","0.0%",".000",".000",".000",".000",".000",".000","","","0.0","0.0","0.0","0.0","0","0","0","0","0","0","0","0",".000","0.00","0.0%","0.0%","0.0%","0.0%","0.0%","0.0%","","","","","","","","","","","","","","","","","27468"
"Cade Cavalli","WSN","1","0","0","0","0","0","0.0%","0.0%",".000",".000",".000",".000",".000",".000","","","0.0","0.0","0.0","0.0","0","0","0","0","0","0","0","0",".000","0.00","0.0%","0.0%","0.0%","0.0%","0.0%","0.0%","","","","","","","","","","","","","","","","","27473"
"Max Meyer","MIA","2","0","0","0","0","0","0.0%","0.0%",".000",".000",".000",".000",".000",".000","","","0.0","0.0","0.0","0.0","0","0","0","0","0","0","0","0",".000","0.00","0.0%","0.0%","0.0%","0.0%","0.0%","0.0%","","","","","","","","","","","","","","","","","27474"
"Spencer Strider","ATL","31","0","0","0","0","0","0.0%","0.0%",".000",".000",".000",".000",".000",".000","","","0.0","0.0","0.0","0.0","0","0","0","0","0","0","0","0",".000","0.00","0.0%","0.0%","0.0%","0.0%","0.0%","0.0%","","","","","","","","","","","","","","","","","27498"
"Kohei Arihara","TEX","5","0","0","0","0","0","0.0%","0.0%",".000",".000",".000",".000",".000",".000","","","0.0","0.0","0.0","0.0","0","0","0","0","0","0","0","0",".000","0.00","0.0%","0.0%","0.0%","0.0%","0.0%","0.0%","","","","","","","","","","","","","","","","","27505"
"Hirokazu Sawamura","BOS","49","0","0","0","0","0","0.0%","0.0%",".000",".000",".000",".000",".000",".000","","","0.0","0.0","0.0","0.0","0","0","0","0","0","0","0","0",".000","0.00","0.0%","0.0%","0.0%","0.0%","0.0%","0.0%","","","","","","","","","","","","","","","","","27515"
"Jared Koenig","OAK","10","0","0","0","0","0","0.0%","0.0%",".000",".000",".000",".000",".000",".000","","","0.0","0.0","0.0","0.0","0","0","0","0","0","0","0","0",".000","0.00","0.0%","0.0%","0.0%","0.0%","0.0%","0.0%","","","","","","","","","","","","","","","","","27517"
"Graham Ashcraft","CIN","19","0","0","0","0","0","0.0%","0.0%",".000",".000",".000",".000",".000",".000","","","0.0","0.0","0.0","0.0","0","0","0","0","0","0","0","0",".000","0.00","0.0%","0.0%","0.0%","0.0%","0.0%","0.0%","","","","","","","","","","","","","","","","","27552"
"Hayden Wesneski","CHC","6","0","0","0","0","0","0.0%","0.0%",".000",".000",".000",".000",".000",".000","","","0.0","0.0","0.0","0.0","0","0","0","0","0","0","0","0",".000","0.00","0.0%","0.0%","0.0%","0.0%","0.0%","0.0%","","","","","","","","","","","","","","","","","27581"
"Luis Ortiz","PIT","4","0","0","0","0","0","0.0%","0.0%",".000",".000",".000",".000",".000",".000","","","0.0","0.0","0.0","0.0","0","0","0","0","0","0","0","0",".000","0.00","0.0%","0.0%","0.0%","0.0%","0.0%","0.0%","","","","","","","","","","","","","","","","","27646"
"Ken Waldichuk","OAK","7","0","0","0","0","0","0.0%","0.0%",".000",".000",".000",".000",".000",".000","","","0.0","0.0","0.0","0.0","0","0","0","0","0","0","0","0",".000","0.00","0.0%","0.0%","0.0%","0.0%","0.0%","0.0%","","","","","","","","","","","","","","","","","27681"
"Louie Varland","MIN","5","0","0","0","0","0","0.0%","0.0%",".000",".000",".000",".000",".000",".000","","","0.0","0.0","0.0","0.0","0","0","0","0","0","0","0","0",".000","0.00","0.0%","0.0%","0.0%","0.0%","0.0%","0.0%","","","","","","","","","","","","","","","","","27691"
"Bryce Elder","ATL","10","0","0","0","0","0","0.0%","0.0%",".000",".000",".000",".000",".000",".000","","","0.0","0.0","0.0","0.0","0","0","0","0","0","0","0","0",".000","0.00","0.0%","0.0%","0.0%","0.0%","0.0%","0.0%","","","","","","","","","","","","","","","","","27779"
"Chase Silseth","LAA","7","0","0","0","0","0","0.0%","0.0%",".000",".000",".000",".000",".000",".000","","","0.0","0.0","0.0","0.0","0","0","0","0","0","0","0","0",".000","0.00","0.0%","0.0%","0.0%","0.0%","0.0%","0.0%","","","","","","","","","","","","","","","","","30074"
"Robert Suarez","SDP","45","0","0","0","0","0","0.0%","0.0%",".000",".000",".000",".000",".000",".000","","","0.0","0.0","-0.1","0.0","0","0","0","0","0","0","0","0",".000","0.00","0.0%","0.0%","0.0%","0.0%","0.0%","0.0%","","","","","","","","","","","","","","","","","30115"
